,BXIIUSTP Index
Date,px_last
1999-04-30,3.3767
1999-05-03,4.7107
1999-05-04,6.6456
1999-05-05,5.9205
1999-05-06,8.2117
1999-05-07,11.1802
1999-05-10,11.669
1999-05-11,11.0559
1999-05-12,10.3308
1999-05-13,6.8258
1999-05-14,12.562
1999-05-17,15.5304
1999-05-18,13.403
1999-05-19,10.5588
1999-05-20,10.679
1999-05-21,12.1414
1999-05-24,10.9917
1999-05-25,9.7778
1999-05-26,9.9125
1999-05-27,10.5078
1999-05-28,11.807
1999-06-01,17.1758
1999-06-02,16.7427
1999-06-03,15.4298
1999-06-04,13.2646
1999-06-07,12.7422
1999-06-08,13.0996
1999-06-09,14.4126
1999-06-10,14.0966
1999-06-11,18.4823
1999-06-14,16.2894
1999-06-15,15.4989
1999-06-16,16.6948
1999-06-17,13.8349
1999-06-18,12.6528
1999-06-21,13.7253
1999-06-22,14.0072
1999-06-23,16.4682
1999-06-24,17.7056
1999-06-25,17.2587
1999-06-28,15.4026
1999-06-29,13.2167
1999-06-30,13.8928
1999-07-01,15.2959
1999-07-02,12.4903
1999-07-06,12.8292
1999-07-07,14.7159
1999-07-08,11.7889
1999-07-09,11.5471
1999-07-12,8.2812
1999-07-13,8.668
1999-07-14,7.2412
1999-07-15,7.3137
1999-07-16,7.652
1999-07-19,9.1998
1999-07-20,11.2554
1999-07-21,11.8843
1999-07-22,14.9085
1999-07-23,17.0373
1999-07-26,17.1583
1999-07-27,16.2148
1999-07-28,15.1749
1999-07-29,16.7958
1999-07-30,17.0169
1999-08-02,16.9413
1999-08-03,17.8372
1999-08-04,20.0654
1999-08-05,22.8231
1999-08-06,24.8476
1999-08-09,25.1559
1999-08-10,26.1275
1999-08-11,27.2736
1999-08-12,23.9982
1999-08-13,21.4268
1999-08-16,16.5049
1999-08-17,11.8914
1999-08-18,15.673
1999-08-19,17.2613
1999-08-20,18.8728
1999-08-23,17.0751
1999-08-24,16.8017
1999-08-25,11.7403
1999-08-26,10.5767
1999-08-27,11.1661
1999-08-30,13.1267
1999-08-31,13.7101
1999-09-01,13.4394
1999-09-02,17.2291
1999-09-03,15.3305
1999-09-07,14.8953
1999-09-08,13.6661
1999-09-09,15.4787
1999-09-10,13.8728
1999-09-13,13.8527
1999-09-14,15.6031
1999-09-15,15.6433
1999-09-16,14.9135
1999-09-17,12.3309
1999-09-20,13.1028
1999-09-21,15.1019
1999-09-22,14.7891
1999-09-23,10.2897
1999-09-24,10.6609
1999-09-27,10.3098
1999-09-28,15.4328
1999-09-29,16.2688
1999-09-30,15.3069
1999-10-01,16.2943
1999-10-04,14.0134
1999-10-05,14.4629
1999-10-06,13.3696
1999-10-07,14.3412
1999-10-08,16.4671
1999-10-12,17.6292
1999-10-13,18.2789
1999-10-14,19.2153
1999-10-15,19.2427
1999-10-18,21.0035
1999-10-19,19.6668
1999-10-20,19.9789
1999-10-21,21.4884
1999-10-22,21.5316
1999-10-25,20.0044
1999-10-26,18.911
1999-10-27,15.5544
1999-10-28,12.3194
1999-10-29,8.6485
1999-11-01,8.9523
1999-11-02,6.7071
1999-11-03,6.6916
1999-11-04,0.1476
1999-11-05,4.6566
1999-11-08,4.6722
1999-11-09,3.4367
1999-11-10,2.5377
1999-11-12,-0.7654
1999-11-15,-0.3806
1999-11-16,-2.3063
1999-11-17,1.5421
1999-11-18,2.3118
1999-11-19,1.8304
1999-11-22,1.9582
1999-11-23,1.1402
1999-11-24,-0.8167
1999-11-26,-1.213
1999-11-29,-0.7709
1999-11-30,-0.4407
1999-12-01,-0.8909
1999-12-02,-0.1261
1999-12-03,0.9992
1999-12-06,0.2944
1999-12-07,-1.52
1999-12-08,-2.6675
1999-12-09,-2.7948
1999-12-10,-5.0816
1999-12-13,-6.2291
1999-12-14,-6.1174
1999-12-15,-6.2152
1999-12-16,-5.3157
1999-12-17,-5.6607
1999-12-20,-3.0889
1999-12-21,-1.9792
1999-12-22,-2.0918
1999-12-23,-0.6371
1999-12-27,0.8028
1999-12-28,1.3951
1999-12-29,2.3101
1999-12-30,2.3027
1999-12-31,1.5649
2000-01-03,2.0451
2000-01-04,1.1969
2000-01-05,4.7116
2000-01-06,3.3929
2000-01-07,1.3654
2000-01-10,-0.7571
2000-01-11,3.3657
2000-01-12,2.7267
2000-01-13,1.3711
2000-01-14,3.0617
2000-01-18,6.743
2000-01-19,6.2685
2000-01-20,8.0927
2000-01-21,9.6787
2000-01-24,6.6036
2000-01-25,6.5707
2000-01-26,2.657
2000-01-27,-2.9415
2000-01-28,-13.7376
2000-01-31,-17.3503
2000-02-01,-19.6272
2000-02-02,-24.3408
2000-02-03,-27.1071
2000-02-04,-28.5088
2000-02-07,-24.2277
2000-02-08,-28.3581
2000-02-09,-19.7869
2000-02-10,-13.0975
2000-02-11,-12.9189
2000-02-14,-15.7886
2000-02-15,-15.1582
2000-02-16,-14.5184
2000-02-17,-16.4846
2000-02-18,-20.2011
2000-02-22,-23.5885
2000-02-23,-25.0654
2000-02-24,-22.977
2000-02-25,-15.8299
2000-02-28,-16.1935
2000-02-29,-20.349
2000-03-01,-21.399
2000-03-02,-21.1602
2000-03-03,-21.0655
2000-03-06,-22.713
2000-03-07,-19.4381
2000-03-08,-20.2543
2000-03-09,-21.7073
2000-03-10,-22.0509
2000-03-13,-22.9367
2000-03-14,-25.1908
2000-03-15,-27.8731
2000-03-16,-29.0823
2000-03-17,-34.2032
2000-03-20,-35.1836
2000-03-21,-37.9456
2000-03-22,-37.2886
2000-03-23,-40.8718
2000-03-24,-41.2406
2000-03-27,-43.5199
2000-03-28,-43.1864
2000-03-29,-43.4202
2000-03-30,-45.0868
2000-03-31,-47.9301
2000-04-03,-46.7313
2000-04-04,-38.6828
2000-04-05,-40.5523
2000-04-06,-42.4931
2000-04-07,-46.2924
2000-04-10,-45.2113
2000-04-11,-40.0529
2000-04-12,-34.4877
2000-04-13,-36.3962
2000-04-14,-34.1201
2000-04-17,-26.4501
2000-04-18,-25.255
2000-04-19,-31.3482
2000-04-20,-34.8658
2000-04-24,-35.2725
2000-04-25,-35.9041
2000-04-26,-39.3967
2000-04-27,-43.4496
2000-04-28,-49.9495
2000-05-01,-46.0543
2000-05-02,-43.3905
2000-05-03,-36.9488
2000-05-04,-32.8692
2000-05-05,-34.3681
2000-05-08,-32.1063
2000-05-09,-35.0549
2000-05-10,-38.5399
2000-05-11,-40.7346
2000-05-12,-37.9865
2000-05-15,-39.8463
2000-05-16,-44.1435
2000-05-17,-39.6368
2000-05-18,-35.8921
2000-05-19,-34.0834
2000-05-22,-38.3223
2000-05-23,-39.3189
2000-05-24,-38.1629
2000-05-25,-41.1958
2000-05-26,-45.3759
2000-05-30,-47.2936
2000-05-31,-51.8634
2000-06-01,-48.8151
2000-06-02,-43.2818
2000-06-05,-43.7194
2000-06-06,-43.2149
2000-06-07,-44.7765
2000-06-08,-46.8333
2000-06-09,-48.2143
2000-06-12,-48.0804
2000-06-13,-41.1768
2000-06-14,-42.709
2000-06-15,-42.6234
2000-06-16,-41.2799
2000-06-19,-40.6041
2000-06-20,-42.7184
2000-06-21,-41.8339
2000-06-22,-40.1866
2000-06-23,-38.997
2000-06-26,-41.0337
2000-06-27,-42.2621
2000-06-28,-39.3007
2000-06-29,-40.2615
2000-06-30,-39.7064
2000-07-03,-38.5751
2000-07-05,-38.9652
2000-07-06,-36.7338
2000-07-07,-37.6299
2000-07-10,-35.7676
2000-07-11,-34.0353
2000-07-12,-32.9882
2000-07-13,-36.5477
2000-07-14,-35.1736
2000-07-17,-34.5516
2000-07-18,-34.2775
2000-07-19,-35.0857
2000-07-20,-38.3011
2000-07-21,-39.9033
2000-07-24,-37.658
2000-07-25,-38.048
2000-07-26,-37.5069
2000-07-27,-38.6841
2000-07-28,-37.6299
2000-07-31,-38.154
2000-08-01,-39.9396
2000-08-02,-39.2296
2000-08-03,-40.7897
2000-08-04,-38.1845
2000-08-07,-36.9352
2000-08-08,-38.4587
2000-08-09,-40.7044
2000-08-10,-41.7282
2000-08-11,-42.7611
2000-08-14,-44.7203
2000-08-15,-45.4303
2000-08-16,-44.9306
2000-08-17,-45.1804
2000-08-18,-46.7161
2000-08-21,-45.8051
2000-08-22,-45.6558
2000-08-23,-47.8161
2000-08-24,-46.0823
2000-08-25,-46.0823
2000-08-28,-43.3735
2000-08-29,-42.8566
2000-08-30,-42.0501
2000-08-31,-41.8751
2000-09-01,-39.1431
2000-09-05,-39.4137
2000-09-06,-37.7494
2000-09-07,-37.0186
2000-09-08,-36.7889
2000-09-11,-35.0975
2000-09-12,-35.5169
2000-09-13,-35.7474
2000-09-14,-31.8645
2000-09-15,-24.0315
2000-09-18,-18.3632
2000-09-19,-22.0835
2000-09-20,-23.0571
2000-09-21,-24.9242
2000-09-22,-24.5187
2000-09-25,-28.1172
2000-09-26,-28.6722
2000-09-27,-27.5899
2000-09-28,-30.1061
2000-09-29,-29.9126
2000-10-02,-28.4807
2000-10-03,-27.4473
2000-10-04,-27.5556
2000-10-05,-29.3166
2000-10-06,-32.4243
2000-10-10,-33.2989
2000-10-11,-31.929
2000-10-12,-28.2797
2000-10-13,-25.5861
2000-10-16,-29.5529
2000-10-17,-31.012
2000-10-18,-31.012
2000-10-19,-34.5067
2000-10-20,-37.3474
2000-10-23,-39.9946
2000-10-24,-39.5804
2000-10-25,-40.2576
2000-10-26,-41.7862
2000-10-27,-40.2072
2000-10-30,-40.8496
2000-10-31,-34.8212
2000-11-01,-32.2864
2000-11-02,-33.8187
2000-11-03,-29.9415
2000-11-06,-29.558
2000-11-07,-29.8407
2000-11-08,-31.5371
2000-11-09,-33.1248
2000-11-10,-33.7634
2000-11-13,-33.8642
2000-11-14,-37.5121
2000-11-15,-41.1422
2000-11-16,-42.5835
2000-11-17,-41.0967
2000-11-20,-42.4194
2000-11-21,-42.9849
2000-11-22,-42.7852
2000-11-24,-44.5903
2000-11-27,-44.3076
2000-11-28,-45.339
2000-11-29,-41.1994
2000-11-30,-42.3962
2000-12-01,-40.6718
2000-12-04,-36.1912
2000-12-05,-31.1111
2000-12-06,-33.3824
2000-12-07,-35.8924
2000-12-08,-35.1592
2000-12-11,-36.4084
2000-12-12,-38.8349
2000-12-13,-40.472
2000-12-14,-43.6278
2000-12-15,-44.5355
2000-12-18,-42.5726
2000-12-19,-42.1129
2000-12-20,-37.5682
2000-12-21,-32.5638
2000-12-22,-31.497
2000-12-26,-31.2235
2000-12-27,-30.1218
2000-12-28,-31.8151
2000-12-29,-31.3442
2001-01-02,-26.2457
2001-01-03,-12.6879
2001-01-04,-8.1415
2001-01-05,-0.8348
2001-01-08,1.7632
2001-01-09,-5.9494
2001-01-10,-7.1348
2001-01-11,-3.4977
2001-01-12,-6.3717
2001-01-16,-6.7776
2001-01-17,-10.707
2001-01-18,-7.8817
2001-01-19,-3.6926
2001-01-22,2.0229
2001-01-23,1.5032
2001-01-24,2.9646
2001-01-25,-0.0555
2001-01-26,1.4383
2001-01-29,3.5166
2001-01-30,1.0811
2001-01-31,3.6105
2001-02-01,-1.9529
2001-02-02,-4.3898
2001-02-05,-5.6647
2001-02-06,-5.1645
2001-02-07,-5.8858
2001-02-08,-7.0682
2001-02-09,-8.1971
2001-02-12,-5.8497
2001-02-13,-9.2117
2001-02-14,-12.8686
2001-02-15,-10.9823
2001-02-16,-7.2156
2001-02-20,-7.4743
2001-02-21,-2.4847
2001-02-22,4.8132
2001-02-23,5.4954
2001-02-26,8.1486
2001-02-27,2.8872
2001-02-28,-1.3072
2001-03-01,-4.7941
2001-03-02,-1.8006
2001-03-05,-2.4031
2001-03-06,0.0419
2001-03-07,-0.9029
2001-03-08,-2.1119
2001-03-09,-1.8046
2001-03-12,-0.6347
2001-03-13,0.3061
2001-03-14,2.8402
2001-03-15,9.1644
2001-03-16,3.0303
2001-03-19,0.8616
2001-03-20,3.1665
2001-03-21,3.0964
2001-03-22,3.0884
2001-03-23,4.0021
2001-03-26,5.5144
2001-03-27,5.2972
2001-03-28,7.9404
2001-03-29,11.6214
2001-03-30,13.3002
2001-04-02,16.4404
2001-04-03,18.2759
2001-04-04,20.7102
2001-04-05,22.388
2001-04-06,19.0031
2001-04-09,20.9853
2001-04-10,25.5181
2001-04-11,22.5144
2001-04-12,22.7299
2001-04-16,22.9544
2001-04-17,21.3261
2001-04-18,29.355
2001-04-19,35.7234
2001-04-20,40.1398
2001-04-23,41.23
2001-04-24,42.7218
2001-04-25,40.6405
2001-04-26,37.3435
2001-04-27,41.1502
2001-04-30,40.9451
2001-05-01,40.57
2001-05-02,37.3577
2001-05-03,30.7982
2001-05-04,36.2834
2001-05-07,39.9059
2001-05-08,42.9641
2001-05-09,39.3257
2001-05-10,43.3902
2001-05-11,46.086
2001-05-14,47.1465
2001-05-15,53.348
2001-05-16,52.8018
2001-05-17,44.8396
2001-05-18,39.8676
2001-05-21,37.2535
2001-05-22,40.6709
2001-05-23,42.5677
2001-05-24,44.1892
2001-05-25,47.5896
2001-05-29,47.6463
2001-05-30,49.0419
2001-05-31,46.5455
2001-06-01,42.7912
2001-06-04,38.4867
2001-06-05,41.4038
2001-06-06,40.5318
2001-06-07,45.0352
2001-06-08,44.3448
2001-06-11,43.8501
2001-06-12,42.5976
2001-06-13,45.2896
2001-06-14,46.217
2001-06-15,50.6911
2001-06-18,53.8658
2001-06-19,53.9887
2001-06-20,54.5943
2001-06-21,53.0112
2001-06-22,52.6013
2001-06-25,51.8435
2001-06-26,51.8555
2001-06-27,43.525
2001-06-28,38.0594
2001-06-29,45.235
2001-07-02,45.3751
2001-07-03,45.8705
2001-07-05,46.1407
2001-07-06,51.1496
2001-07-09,48.7277
2001-07-10,49.3882
2001-07-11,49.1505
2001-07-12,45.4051
2001-07-13,42.1551
2001-07-16,41.5696
2001-07-17,40.0859
2001-07-18,44.9847
2001-07-19,44.8696
2001-07-20,46.4434
2001-07-23,44.5419
2001-07-24,44.9847
2001-07-25,48.9103
2001-07-26,53.4188
2001-07-27,54.7923
2001-07-30,54.1819
2001-07-31,53.4651
2001-08-01,55.1474
2001-08-02,55.5891
2001-08-03,57.4426
2001-08-06,59.7891
2001-08-07,59.732
2001-08-08,58.4126
2001-08-09,63.5473
2001-08-10,64.5802
2001-08-13,65.9817
2001-08-14,62.8876
2001-08-15,59.9443
2001-08-16,58.4332
2001-08-17,56.7246
2001-08-20,54.5653
2001-08-21,55.3699
2001-08-22,53.61
2001-08-23,53.7812
2001-08-24,53.4491
2001-08-27,52.5406
2001-08-28,50.7282
2001-08-29,48.7187
2001-08-30,57.9009
2001-08-31,58.2094
2001-09-04,54.256
2001-09-05,57.8976
2001-09-06,58.6142
2001-09-07,61.793
2001-09-10,66.8514
2001-09-11,51.5699
2001-09-12,81.1573
2001-09-13,96.7157
2001-09-14,94.846
2001-09-17,95.4151
2001-09-18,104.3374
2001-09-19,110.2286
2001-09-20,109.7956
2001-09-21,102.5838
2001-09-24,102.3913
2001-09-25,106.3316
2001-09-26,103.0118
2001-09-27,99.7452
2001-09-28,95.1726
2001-10-01,94.2528
2001-10-02,96.8133
2001-10-03,93.7545
2001-10-04,95.0248
2001-10-05,99.069
2001-10-09,103.1543
2001-10-10,98.3326
2001-10-11,97.5505
2001-10-12,103.6525
2001-10-15,101.0254
2001-10-16,98.7186
2001-10-17,96.6253
2001-10-18,97.6008
2001-10-19,103.2255
2001-10-22,102.3312
2001-10-23,104.7548
2001-10-24,106.1619
2001-10-25,112.096
2001-10-26,112.4008
2001-10-29,113.056
2001-10-30,115.7078
2001-10-31,106.8212
2001-11-01,101.0349
2001-11-02,112.3476
2001-11-05,108.8788
2001-11-06,112.8348
2001-11-07,109.7118
2001-11-08,110.6839
2001-11-09,110.0149
2001-11-13,112.5041
2001-11-14,109.7954
2001-11-15,106.8266
2001-11-16,110.0355
2001-11-19,116.0438
2001-11-20,120.2195
2001-11-21,115.8597
2001-11-23,114.7615
2001-11-26,114.7615
2001-11-27,116.0616
2001-11-28,115.9421
2001-11-29,121.9445
2001-11-30,126.6335
2001-12-03,123.9793
2001-12-04,119.473
2001-12-05,118.5481
2001-12-06,120.7128
2001-12-07,132.3204
2001-12-10,135.9595
2001-12-11,137.7465
2001-12-12,131.9049
2001-12-13,134.3065
2001-12-14,136.1857
2001-12-17,137.5211
2001-12-18,133.6714
2001-12-19,126.8177
2001-12-20,125.4396
2001-12-21,128.2123
2001-12-24,130.6082
2001-12-26,129.704
2001-12-27,129.3321
2001-12-28,135.3671
2001-12-31,135.9136
2002-01-02,134.3708
2002-01-03,133.8596
2002-01-04,135.5229
2002-01-07,136.4424
2002-01-08,137.7108
2002-01-09,141.1822
2002-01-10,140.8444
2002-01-11,149.2905
2002-01-14,148.0946
2002-01-15,142.3652
2002-01-16,139.3721
2002-01-17,138.7532
2002-01-18,139.4159
2002-01-22,136.0279
2002-01-23,139.3588
2002-01-24,134.8077
2002-01-25,138.2396
2002-01-28,138.5512
2002-01-29,140.8115
2002-01-30,138.7532
2002-01-31,134.1459
2002-02-01,137.4352
2002-02-04,138.3862
2002-02-05,137.0537
2002-02-06,142.0897
2002-02-07,144.4753
2002-02-08,145.9201
2002-02-11,146.1671
2002-02-12,144.5662
2002-02-13,144.5336
2002-02-14,141.5598
2002-02-15,142.449
2002-02-19,144.7111
2002-02-20,142.4018
2002-02-21,142.6814
2002-02-22,140.2195
2002-02-25,139.7222
2002-02-26,141.5524
2002-02-27,140.1432
2002-02-28,137.9556
2002-03-01,135.632
2002-03-04,134.1736
2002-03-05,133.3456
2002-03-06,136.7133
2002-03-07,134.9364
2002-03-08,129.6868
2002-03-11,129.6868
2002-03-12,131.244
2002-03-13,132.7952
2002-03-14,133.5982
2002-03-15,128.8618
2002-03-18,124.3695
2002-03-19,127.9319
2002-03-20,127.4559
2002-03-21,124.7216
2002-03-22,121.944
2002-03-25,121.2148
2002-03-26,124.1779
2002-03-27,125.5899
2002-03-28,131.806
2002-04-01,131.1713
2002-04-02,131.6664
2002-04-03,132.8632
2002-04-04,131.427
2002-04-05,130.7869
2002-04-08,134.6964
2002-04-09,134.7944
2002-04-10,137.0664
2002-04-11,137.1317
2002-04-12,138.664
2002-04-15,140.0312
2002-04-16,140.2343
2002-04-17,145.2463
2002-04-18,147.8503
2002-04-19,147.5819
2002-04-22,146.1439
2002-04-23,143.9063
2002-04-24,145.9717
2002-04-25,147.0724
2002-04-26,147.27
2002-04-29,149.4097
2002-04-30,149.7941
2002-05-01,150.4951
2002-05-02,152.2059
2002-05-03,153.7435
2002-05-06,154.8439
2002-05-07,158.13
2002-05-08,155.914
2002-05-09,157.3083
2002-05-10,158.2279
2002-05-13,159.5845
2002-05-14,156.9691
2002-05-15,157.4289
2002-05-16,156.6903
2002-05-17,153.2534
2002-05-20,153.7208
2002-05-21,154.2183
2002-05-22,154.648
2002-05-23,153.3591
2002-05-24,151.0528
2002-05-28,149.4324
2002-05-29,149.6109
2002-05-30,150.8922
2002-05-31,148.2525
2002-06-03,149.4466
2002-06-04,151.9601
2002-06-05,154.0358
2002-06-06,154.8513
2002-06-07,156.9278
2002-06-10,154.412
2002-06-11,156.9871
2002-06-12,158.4312
2002-06-13,158.2404
2002-06-14,157.0403
2002-06-17,160.5009
2002-06-18,162.7635
2002-06-19,164.0777
2002-06-20,161.8826
2002-06-21,160.4956
2002-06-24,161.0648
2002-06-25,162.0704
2002-06-26,167.5337
2002-06-27,168.1045
2002-06-28,167.4874
2002-07-01,170.2433
2002-07-02,172.1508
2002-07-03,174.6016
2002-07-05,173.9423
2002-07-08,177.2382
2002-07-09,178.9423
2002-07-10,181.0532
2002-07-11,180.2187
2002-07-12,181.0392
2002-07-15,185.8007
2002-07-16,181.0987
2002-07-17,180.7727
2002-07-18,183.413
2002-07-19,185.4361
2002-07-22,184.4791
2002-07-23,186.2603
2002-07-24,185.8396
2002-07-25,188.9707
2002-07-26,194.9278
2002-07-29,193.4865
2002-07-30,192.9079
2002-07-31,196.266
2002-08-01,199.3606
2002-08-02,199.8169
2002-08-05,201.7008
2002-08-06,200.4682
2002-08-07,202.3794
2002-08-08,199.2874
2002-08-09,183.9373
2002-08-12,181.0356
2002-08-13,181.7009
2002-08-14,171.5569
2002-08-15,172.0724
2002-08-16,181.3556
2002-08-19,178.5218
2002-08-20,180.7316
2002-08-21,181.4075
2002-08-22,178.72
2002-08-23,176.9937
2002-08-26,175.7099
2002-08-27,176.0544
2002-08-28,175.0828
2002-08-29,175.6719
2002-08-30,172.9721
2002-09-03,170.6771
2002-09-04,166.8826
2002-09-05,171.0497
2002-09-06,169.3064
2002-09-09,166.0868
2002-09-10,162.2141
2002-09-11,163.1155
2002-09-12,159.6844
2002-09-13,160.3882
2002-09-16,157.44
2002-09-17,154.5699
2002-09-18,156.0969
2002-09-19,157.3113
2002-09-20,156.8099
2002-09-23,149.9936
2002-09-24,150.0028
2002-09-25,155.1173
2002-09-26,158.2496
2002-09-27,162.8537
2002-09-30,165.5339
2002-10-01,169.418
2002-10-02,170.6879
2002-10-03,171.8719
2002-10-04,166.7489
2002-10-07,164.2075
2002-10-08,161.5967
2002-10-09,165.2475
2002-10-10,168.2888
2002-10-11,173.7291
2002-10-15,175.6901
2002-10-16,179.9575
2002-10-17,181.5009
2002-10-18,178.7606
2002-10-21,176.0658
2002-10-22,176.7225
2002-10-23,177.9066
2002-10-24,181.2291
2002-10-25,186.5072
2002-10-28,191.1012
2002-10-29,188.2717
2002-10-30,192.2107
2002-10-31,191.0527
2002-11-01,192.8382
2002-11-04,194.1612
2002-11-05,192.9733
2002-11-06,188.9434
2002-11-07,172.2951
2002-11-08,170.3455
2002-11-12,175.0346
2002-11-13,177.0151
2002-11-14,181.7768
2002-11-15,183.0327
2002-11-18,181.6779
2002-11-19,179.7945
2002-11-20,183.497
2002-11-21,184.4899
2002-11-22,182.3443
2002-11-25,183.5332
2002-11-26,182.5717
2002-11-27,189.5569
2002-11-29,191.1385
2002-12-02,190.9973
2002-12-03,194.3308
2002-12-04,193.0357
2002-12-05,189.9505
2002-12-06,195.1826
2002-12-09,193.5007
2002-12-10,189.816
2002-12-11,189.0821
2002-12-12,192.5212
2002-12-13,195.9933
2002-12-16,197.1127
2002-12-17,199.7466
2002-12-18,198.3117
2002-12-19,197.2293
2002-12-20,195.4747
2002-12-23,194.3512
2002-12-24,195.3718
2002-12-26,197.6188
2002-12-27,196.0453
2002-12-30,191.9409
2002-12-31,194.8666
2003-01-02,200.3765
2003-01-03,200.6939
2003-01-06,201.0065
2003-01-07,202.4381
2003-01-08,204.6617
2003-01-09,208.7544
2003-01-10,213.9806
2003-01-13,209.7099
2003-01-14,208.7672
2003-01-15,209.4822
2003-01-16,210.3527
2003-01-17,208.3039
2003-01-21,206.2503
2003-01-22,203.2509
2003-01-23,202.9303
2003-01-24,201.9075
2003-01-27,204.6713
2003-01-28,206.8066
2003-01-29,208.1436
2003-01-30,206.8836
2003-01-31,208.7871
2003-02-03,207.6861
2003-02-04,205.5809
2003-02-05,210.3357
2003-02-06,207.7828
2003-02-07,209.2467
2003-02-10,210.7873
2003-02-11,209.7791
2003-02-12,206.0647
2003-02-13,204.3184
2003-02-14,207.3754
2003-02-18,202.5521
2003-02-19,199.971
2003-02-20,197.5351
2003-02-21,200.9228
2003-02-24,197.9223
2003-02-25,197.3899
2003-02-26,193.9014
2003-02-27,192.6431
2003-02-28,192.6504
2003-03-03,190.7009
2003-03-04,189.9206
2003-03-05,191.8942
2003-03-06,193.0133
2003-03-07,195.8937
2003-03-10,195.8843
2003-03-11,194.1732
2003-03-12,189.0807
2003-03-13,191.8127
2003-03-14,190.6339
2003-03-17,193.2205
2003-03-18,190.7815
2003-03-19,197.6636
2003-03-20,202.4266
2003-03-21,205.5215
2003-03-24,203.8752
2003-03-25,203.553
2003-03-26,204.7558
2003-03-27,208.8652
2003-03-28,209.7029
2003-03-31,205.6614
2003-04-01,207.096
2003-04-02,210.487
2003-04-03,213.4619
2003-04-04,215.9313
2003-04-07,212.9488
2003-04-08,211.9764
2003-04-09,210.4514
2003-04-10,207.0807
2003-04-11,204.8467
2003-04-14,204.7371
2003-04-15,201.6796
2003-04-16,201.2405
2003-04-17,200.9897
2003-04-21,204.2
2003-04-22,205.0427
2003-04-23,207.3161
2003-04-24,206.6925
2003-04-25,208.9265
2003-04-28,208.0329
2003-04-29,209.1148
2003-04-30,211.252
2003-05-01,210.9683
2003-05-02,210.5692
2003-05-05,209.1755
2003-05-06,209.0623
2003-05-07,197.9901
2003-05-08,191.9708
2003-05-09,191.8763
2003-05-12,188.9092
2003-05-13,185.7228
2003-05-14,183.8167
2003-05-15,180.5053
2003-05-16,178.8584
2003-05-19,181.1391
2003-05-20,177.3212
2003-05-21,174.8759
2003-05-22,171.6252
2003-05-23,168.6278
2003-05-27,177.4951
2003-05-28,178.6965
2003-05-29,174.3642
2003-05-30,172.8064
2003-06-02,180.5922
2003-06-03,181.1387
2003-06-04,179.6484
2003-06-05,179.1694
2003-06-06,180.4838
2003-06-09,179.6484
2003-06-10,175.3456
2003-06-11,176.1166
2003-06-12,176.2642
2003-06-13,172.9084
2003-06-16,172.0981
2003-06-17,173.5649
2003-06-18,181.2989
2003-06-19,187.3462
2003-06-20,187.7859
2003-06-23,183.2994
2003-06-24,182.1326
2003-06-25,176.9207
2003-06-26,182.3825
2003-06-27,189.1412
2003-06-30,189.1564
2003-07-01,192.388
2003-07-02,193.7011
2003-07-03,202.2394
2003-07-07,204.5787
2003-07-08,203.6222
2003-07-09,201.996
2003-07-10,202.0394
2003-07-11,199.5719
2003-07-14,203.3732
2003-07-15,214.3357
2003-07-16,214.9129
2003-07-17,217.0032
2003-07-18,218.2728
2003-07-21,226.0961
2003-07-22,226.5319
2003-07-23,227.6884
2003-07-24,233.7875
2003-07-25,237.5115
2003-07-28,242.2183
2003-07-29,247.1893
2003-07-30,245.1783
2003-07-31,248.1447
2003-08-01,242.2726
2003-08-04,240.0836
2003-08-05,238.081
2003-08-06,226.5255
2003-08-07,225.9626
2003-08-08,227.2675
2003-08-11,229.6357
2003-08-12,232.8802
2003-08-13,248.2608
2003-08-14,247.8585
2003-08-15,247.0901
2003-08-18,240.119
2003-08-19,231.2355
2003-08-20,236.562
2003-08-21,235.3817
2003-08-22,230.1714
2003-08-25,233.7194
2003-08-26,233.8894
2003-08-27,233.4274
2003-08-28,233.8243
2003-08-29,232.4471
2003-09-02,241.7044
2003-09-03,241.7942
2003-09-04,244.2379
2003-09-05,243.2565
2003-09-08,243.7265
2003-09-09,243.42
2003-09-10,238.3559
2003-09-11,239.9296
2003-09-12,238.1434
2003-09-15,240.5954
2003-09-16,244.1553
2003-09-17,236.4757
2003-09-18,230.6069
2003-09-19,224.9914
2003-09-22,233.0428
2003-09-23,231.8943
2003-09-24,227.2309
2003-09-25,224.9831
2003-09-26,220.716
2003-09-29,224.8603
2003-09-30,220.3794
2003-10-01,223.1495
2003-10-02,229.4845
2003-10-03,235.9463
2003-10-06,235.1218
2003-10-07,240.3919
2003-10-08,239.143
2003-10-09,241.459
2003-10-10,239.143
2003-10-14,244.7483
2003-10-15,243.8069
2003-10-16,235.5913
2003-10-17,231.9955
2003-10-20,231.4466
2003-10-21,230.9594
2003-10-22,227.637
2003-10-23,229.0689
2003-10-24,224.0413
2003-10-27,224.5307
2003-10-28,224.1614
2003-10-29,229.3401
2003-10-30,231.1699
2003-10-31,228.1357
2003-11-03,229.9161
2003-11-04,227.5359
2003-11-05,227.4451
2003-11-06,228.2961
2003-11-07,228.1217
2003-11-10,226.4842
2003-11-12,223.4082
2003-11-13,219.5597
2003-11-14,217.0958
2003-11-17,216.0949
2003-11-18,212.5445
2003-11-19,214.5708
2003-11-20,212.4486
2003-11-21,212.8986
2003-11-24,215.2125
2003-11-25,213.8716
2003-11-26,211.6516
2003-11-28,218.6546
2003-12-01,219.1015
2003-12-02,219.4339
2003-12-03,221.6032
2003-12-04,218.6883
2003-12-05,220.3241
2003-12-08,220.6083
2003-12-09,224.9807
2003-12-10,224.6422
2003-12-11,227.2536
2003-12-12,228.4942
2003-12-15,227.4294
2003-12-16,225.9925
2003-12-17,223.8979
2003-12-18,219.6809
2003-12-19,223.1186
2003-12-22,223.4438
2003-12-23,224.6157
2003-12-24,227.2066
2003-12-26,225.7155
2003-12-29,230.3998
2003-12-30,233.776
2003-12-31,232.2132
2004-01-02,236.9638
2004-01-05,237.835
2004-01-06,235.153
2004-01-07,232.2636
2004-01-08,231.3923
2004-01-09,228.738
2004-01-12,228.0297
2004-01-13,226.5341
2004-01-14,222.1945
2004-01-15,219.474
2004-01-16,225.2301
2004-01-20,228.2826
2004-01-21,226.7198
2004-01-22,223.0095
2004-01-23,229.5529
2004-01-26,233.0439
2004-01-27,230.3511
2004-01-28,231.5494
2004-01-29,228.6995
2004-01-30,226.1162
2004-02-02,228.6392
2004-02-03,228.2027
2004-02-04,229.9117
2004-02-05,228.761
2004-02-06,225.7919
2004-02-09,223.9407
2004-02-10,222.9939
2004-02-11,221.9171
2004-02-12,224.1651
2004-02-13,225.1324
2004-02-17,225.2036
2004-02-18,224.644
2004-02-19,225.3664
2004-02-20,226.5458
2004-02-23,224.9901
2004-02-24,225.0311
2004-02-25,226.9102
2004-02-26,228.4968
2004-02-27,226.3444
2004-03-01,225.4621
2004-03-02,225.2875
2004-03-03,223.7471
2004-03-04,221.2583
2004-03-05,218.5711
2004-03-08,217.2532
2004-03-09,214.3949
2004-03-10,213.4005
2004-03-11,214.2993
2004-03-12,215.6797
2004-03-15,215.279
2004-03-16,212.1469
2004-03-17,211.9704
2004-03-18,215.9205
2004-03-19,218.2807
2004-03-22,214.9243
2004-03-23,214.4427
2004-03-24,215.983
2004-03-25,217.7329
2004-03-26,222.3264
2004-03-29,222.9697
2004-03-30,222.6811
2004-03-31,219.6868
2004-04-01,221.0201
2004-04-02,227.0697
2004-04-05,231.1726
2004-04-06,228.8074
2004-04-07,228.8876
2004-04-08,232.4432
2004-04-12,233.9421
2004-04-13,236.0597
2004-04-14,228.9311
2004-04-15,232.4902
2004-04-16,233.9246
2004-04-19,233.841
2004-04-20,233.6754
2004-04-21,226.8675
2004-04-22,226.7978
2004-04-23,225.8322
2004-04-26,224.7272
2004-04-27,226.5538
2004-04-28,227.0174
2004-04-29,228.6696
2004-04-30,227.4812
2004-05-03,226.6815
2004-05-04,231.4922
2004-05-05,233.9977
2004-05-06,232.5044
2004-05-07,229.3545
2004-05-10,232.1183
2004-05-11,231.3418
2004-05-12,233.7178
2004-05-13,233.001
2004-05-14,234.2585
2004-05-17,230.6466
2004-05-18,230.3883
2004-05-19,232.2003
2004-05-20,230.5999
2004-05-21,231.9412
2004-05-24,231.6234
2004-05-25,229.8002
2004-05-26,230.262
2004-05-27,228.6262
2004-05-28,226.0461
2004-06-01,225.4797
2004-06-02,224.4841
2004-06-03,223.64
2004-06-04,223.3652
2004-06-07,224.8627
2004-06-08,221.4301
2004-06-09,218.3621
2004-06-10,214.9072
2004-06-14,209.3601
2004-06-15,208.5048
2004-06-16,207.3858
2004-06-17,206.8249
2004-06-18,209.1161
2004-06-21,210.6137
2004-06-22,212.0102
2004-06-23,213.1881
2004-06-24,211.1942
2004-06-25,211.3905
2004-06-28,210.0836
2004-06-29,208.8245
2004-06-30,210.6594
2004-07-01,213.8833
2004-07-02,210.6958
2004-07-06,212.0106
2004-07-07,212.7531
2004-07-08,213.8261
2004-07-09,213.5818
2004-07-12,212.0203
2004-07-13,212.5064
2004-07-14,210.1161
2004-07-15,209.127
2004-07-16,205.2018
2004-07-19,203.8007
2004-07-20,204.5189
2004-07-21,203.2758
2004-07-22,202.8687
2004-07-23,200.8162
2004-07-26,200.6437
2004-07-27,205.8909
2004-07-28,207.2969
2004-07-29,208.7843
2004-07-30,204.1151
2004-08-02,204.9609
2004-08-03,203.0419
2004-08-04,204.0089
2004-08-05,202.2561
2004-08-06,206.2124
2004-08-09,205.7595
2004-08-10,200.714
2004-08-11,202.0433
2004-08-12,201.1819
2004-08-13,200.7585
2004-08-16,202.5868
2004-08-17,201.6043
2004-08-18,204.5052
2004-08-19,205.5928
2004-08-20,204.1729
2004-08-23,205.1704
2004-08-24,205.5027
2004-08-25,204.6263
2004-08-26,202.5563
2004-08-27,202.5563
2004-08-30,201.2264
2004-08-31,201.4516
2004-09-01,202.49
2004-09-02,203.8013
2004-09-03,198.3686
2004-09-07,196.6954
2004-09-08,197.2142
2004-09-09,198.2055
2004-09-10,195.494
2004-09-13,192.7196
2004-09-14,194.125
2004-09-15,194.9381
2004-09-16,194.3502
2004-09-17,189.0851
2004-09-20,190.1651
2004-09-21,185.9223
2004-09-22,180.8088
2004-09-23,177.8774
2004-09-24,173.6399
2004-09-27,174.6729
2004-09-28,178.2392
2004-09-29,179.4353
2004-09-30,184.288
2004-10-01,190.2965
2004-10-04,186.981
2004-10-05,186.8313
2004-10-06,187.9706
2004-10-07,189.9734
2004-10-08,190.3037
2004-10-12,189.7049
2004-10-13,189.6793
2004-10-14,189.4455
2004-10-15,188.9727
2004-10-18,188.3246
2004-10-19,185.9731
2004-10-20,184.3353
2004-10-21,181.3941
2004-10-22,181.427
2004-10-25,180.2384
2004-10-26,181.6844
2004-10-27,184.7937
2004-10-28,186.1976
2004-10-29,183.6609
2004-11-01,185.9455
2004-11-02,185.8805
2004-11-03,186.5376
2004-11-04,182.9695
2004-11-05,178.9581
2004-11-08,179.7451
2004-11-09,179.5044
2004-11-10,179.1415
2004-11-12,175.3899
2004-11-15,171.5925
2004-11-16,171.3289
2004-11-17,169.1322
2004-11-18,166.0683
2004-11-19,169.5448
2004-11-22,166.8094
2004-11-23,165.8238
2004-11-24,163.7876
2004-11-26,165.0266
2004-11-29,172.1146
2004-11-30,177.8138
2004-12-01,180.3557
2004-12-02,180.0905
2004-12-03,177.6647
2004-12-06,177.2135
2004-12-07,175.0379
2004-12-08,167.7303
2004-12-09,169.6832
2004-12-10,166.4674
2004-12-13,162.2699
2004-12-14,159.8818
2004-12-15,157.5202
2004-12-16,163.2411
2004-12-17,163.8886
2004-12-20,160.6464
2004-12-21,159.0861
2004-12-22,163.4535
2004-12-23,165.4753
2004-12-27,168.2881
2004-12-28,168.5269
2004-12-29,166.8874
2004-12-30,164.1595
2004-12-31,163.7812
2005-01-03,162.2975
2005-01-04,159.6766
2005-01-05,158.8664
2005-01-06,160.9236
2005-01-07,159.3398
2005-01-10,157.8878
2005-01-11,155.0471
2005-01-12,155.3156
2005-01-13,152.7067
2005-01-14,150.0443
2005-01-18,148.0505
2005-01-19,149.0291
2005-01-20,151.9283
2005-01-21,153.8805
2005-01-24,149.6928
2005-01-25,153.4169
2005-01-26,150.9546
2005-01-27,151.3963
2005-01-28,148.9192
2005-01-31,144.9682
2005-02-01,145.1448
2005-02-02,143.1405
2005-02-03,143.1445
2005-02-04,139.4771
2005-02-07,135.3474
2005-02-08,132.339
2005-02-09,133.1545
2005-02-10,137.2922
2005-02-11,136.7068
2005-02-14,133.1665
2005-02-15,135.1153
2005-02-16,136.185
2005-02-17,140.7274
2005-02-18,144.3928
2005-02-22,146.282
2005-02-23,144.0991
2005-02-24,142.5876
2005-02-25,139.4416
2005-02-28,142.8352
2005-03-01,145.021
2005-03-02,147.6519
2005-03-03,147.8525
2005-03-04,143.5206
2005-03-07,139.7467
2005-03-08,144.8246
2005-03-09,153.2397
2005-03-10,148.1179
2005-03-11,150.5169
2005-03-14,147.9821
2005-03-15,149.3258
2005-03-16,148.6236
2005-03-17,147.2235
2005-03-18,149.0165
2005-03-21,148.7198
2005-03-22,150.0801
2005-03-23,146.7074
2005-03-24,144.4213
2005-03-28,147.955
2005-03-29,143.8237
2005-03-30,140.8877
2005-03-31,139.7352
2005-04-01,141.032
2005-04-04,142.1255
2005-04-05,143.2439
2005-04-06,143.0473
2005-04-07,145.2435
2005-04-08,143.6687
2005-04-11,141.1133
2005-04-12,135.8962
2005-04-13,140.0421
2005-04-14,143.5102
2005-04-15,140.3989
2005-04-18,138.6681
2005-04-19,136.9532
2005-04-20,136.5126
2005-04-21,136.2372
2005-04-22,134.0817
2005-04-25,131.5354
2005-04-26,130.948
2005-04-27,129.9515
2005-04-28,127.9586
2005-04-29,125.1872
2005-05-02,125.6352
2005-05-03,124.6676
2005-05-04,126.9193
2005-05-05,130.9448
2005-05-06,126.9542
2005-05-09,125.4969
2005-05-10,124.2495
2005-05-11,123.5451
2005-05-12,123.6051
2005-05-13,124.9791
2005-05-16,125.1523
2005-05-17,123.6834
2005-05-18,121.3968
2005-05-19,119.1867
2005-05-20,116.6485
2005-05-23,113.2394
2005-05-24,109.239
2005-05-25,114.4819
2005-05-26,114.0277
2005-05-27,111.3147
2005-05-31,110.3108
2005-06-01,112.7373
2005-06-02,108.983
2005-06-03,112.6159
2005-06-06,108.2532
2005-06-07,105.4264
2005-06-08,104.3554
2005-06-09,103.5342
2005-06-10,105.6832
2005-06-13,109.6353
2005-06-14,114.4456
2005-06-15,114.1241
2005-06-16,112.7812
2005-06-17,113.4613
2005-06-20,115.0713
2005-06-21,110.9931
2005-06-22,107.8773
2005-06-23,109.1831
2005-06-24,109.4132
2005-06-27,107.7859
2005-06-28,109.3265
2005-06-29,109.5243
2005-06-30,106.5314
2005-07-01,108.4763
2005-07-05,113.2951
2005-07-06,110.7904
2005-07-07,113.0689
2005-07-08,114.8391
2005-07-11,112.5766
2005-07-12,114.2953
2005-07-13,114.728
2005-07-14,116.8
2005-07-15,114.8629
2005-07-18,115.6607
2005-07-19,114.5652
2005-07-20,111.3143
2005-07-21,117.1611
2005-07-22,115.4702
2005-07-25,115.1844
2005-07-26,114.331
2005-07-27,113.4894
2005-07-28,108.3174
2005-07-29,112.7133
2005-08-01,115.0725
2005-08-02,115.6404
2005-08-03,115.062
2005-08-04,116.5694
2005-08-05,117.4528
2005-08-08,116.4362
2005-08-09,115.4372
2005-08-10,115.4372
2005-08-11,113.4881
2005-08-12,110.3155
2005-08-15,111.0798
2005-08-16,109.2288
2005-08-17,111.9211
2005-08-18,107.1536
2005-08-19,106.3122
2005-08-22,106.498
2005-08-23,107.9843
2005-08-24,107.0939
2005-08-25,105.0292
2005-08-26,103.3676
2005-08-29,100.8168
2005-08-30,103.35
2005-08-31,106.6643
2005-09-01,113.0383
2005-09-02,113.068
2005-09-06,112.4818
2005-09-07,112.6922
2005-09-08,111.8957
2005-09-09,110.518
2005-09-12,113.7607
2005-09-13,113.0904
2005-09-14,115.1706
2005-09-15,119.5165
2005-09-16,119.7268
2005-09-19,121.2603
2005-09-20,115.6233
2005-09-21,112.2891
2005-09-22,111.923
2005-09-23,113.1722
2005-09-26,115.2821
2005-09-27,113.5655
2005-09-28,110.0755
2005-09-29,110.2264
2005-09-30,109.8226
2005-10-03,111.8919
2005-10-04,110.7599
2005-10-05,110.969
2005-10-06,112.9518
2005-10-07,111.9712
2005-10-11,111.7044
2005-10-12,115.0571
2005-10-13,117.941
2005-10-14,117.184
2005-10-17,118.0708
2005-10-18,117.7896
2005-10-19,117.0182
2005-10-20,115.5834
2005-10-21,113.4781
2005-10-24,116.0376
2005-10-25,117.3498
2005-10-26,119.246
2005-10-27,116.7585
2005-10-28,116.3043
2005-10-31,115.3803
2005-11-01,113.8975
2005-11-02,116.7857
2005-11-03,119.79
2005-11-04,120.5378
2005-11-07,118.2943
2005-11-08,115.0708
2005-11-09,115.8445
2005-11-10,113.7213
2005-11-14,114.2758
2005-11-15,111.1684
2005-11-16,109.8231
2005-11-17,110.8373
2005-11-18,113.0207
2005-11-21,112.3631
2005-11-22,115.7841
2005-11-23,115.4876
2005-11-25,113.9059
2005-11-28,111.5206
2005-11-29,112.9877
2005-11-30,112.6495
2005-12-01,112.404
2005-12-02,113.607
2005-12-05,115.0897
2005-12-06,111.9089
2005-12-07,113.0819
2005-12-08,111.9374
2005-12-09,113.607
2005-12-12,113.8853
2005-12-13,113.2674
2005-12-14,110.3948
2005-12-15,110.9813
2005-12-16,109.4686
2005-12-19,107.8646
2005-12-20,107.0326
2005-12-21,106.6944
2005-12-22,105.1803
2005-12-23,99.8717
2005-12-27,99.3765
2005-12-28,101.3216
2005-12-29,100.5196
2005-12-30,101.217
2006-01-03,103.6905
2006-01-04,105.3269
2006-01-05,104.128
2006-01-06,103.4718
2006-01-09,103.8715
2006-01-10,105.9111
2006-01-11,105.9902
2006-01-12,106.1939
2006-01-13,104.7727
2006-01-17,103.3023
2006-01-18,104.7727
2006-01-19,104.9422
2006-01-20,104.9159
2006-01-23,105.3797
2006-01-24,106.7218
2006-01-25,109.0856
2006-01-26,110.2995
2006-01-27,108.1844
2006-01-30,108.0825
2006-01-31,107.5368
2006-02-01,105.9124
2006-02-02,105.9124
2006-02-03,103.938
2006-02-06,101.6775
2006-02-07,104.4444
2006-02-08,103.9763
2006-02-09,101.4562
2006-02-10,103.0146
2006-02-13,102.9497
2006-02-14,103.9497
2006-02-15,103.2742
2006-02-16,102.0402
2006-02-17,99.8584
2006-02-21,99.5723
2006-02-22,98.0787
2006-02-23,99.585
2006-02-24,99.9963
2006-02-27,102.5639
2006-02-28,101.8345
2006-03-01,102.402
2006-03-02,105.8765
2006-03-03,107.1335
2006-03-06,109.2964
2006-03-07,108.7961
2006-03-08,109.1072
2006-03-09,108.5124
2006-03-10,107.8293
2006-03-13,108.3632
2006-03-14,109.3446
2006-03-15,111.4402
2006-03-16,111.8267
2006-03-17,112.4552
2006-03-20,110.2041
2006-03-21,109.3446
2006-03-22,107.6274
2006-03-23,108.6342
2006-03-24,107.3709
2006-03-27,108.4996
2006-03-28,110.1077
2006-03-29,110.0195
2006-03-30,112.3379
2006-03-31,112.6979
2006-04-03,111.4196
2006-04-04,113.7519
2006-04-05,112.7065
2006-04-06,114.8146
2006-04-07,116.1037
2006-04-10,115.8515
2006-04-11,114.1939
2006-04-12,115.996
2006-04-13,118.4555
2006-04-17,118.8241
2006-04-18,119.8587
2006-04-19,121.2103
2006-04-20,120.5981
2006-04-21,117.7161
2006-04-24,116.5629
2006-04-25,119.6174
2006-04-26,118.9427
2006-04-27,121.2922
2006-04-28,122.806
2006-05-01,123.9024
2006-05-02,122.548
2006-05-03,124.6478
2006-05-04,122.8208
2006-05-05,120.5643
2006-05-08,119.6798
2006-05-09,119.9351
2006-05-10,118.9722
2006-05-11,121.2692
2006-05-12,124.5668
2006-05-15,122.8991
2006-05-16,120.9965
2006-05-17,122.0551
2006-05-18,117.7772
2006-05-19,114.1636
2006-05-22,113.163
2006-05-23,114.4971
2006-05-24,114.2042
2006-05-25,116.3823
2006-05-26,115.7548
2006-05-30,115.5828
2006-05-31,114.7467
2006-06-01,114.133
2006-06-02,112.6898
2006-06-05,109.7684
2006-06-06,106.6172
2006-06-07,107.1377
2006-06-08,105.8527
2006-06-09,104.2771
2006-06-12,103.9756
2006-06-13,101.7288
2006-06-14,102.5941
2006-06-15,104.4461
2006-06-16,105.8818
2006-06-19,105.8927
2006-06-20,106.2049
2006-06-21,105.7994
2006-06-22,106.9911
2006-06-23,107.8705
2006-06-26,107.3142
2006-06-27,105.4729
2006-06-28,106.2016
2006-06-29,107.7447
2006-06-30,104.3422
2006-07-03,104.4093
2006-07-05,106.2503
2006-07-06,104.5696
2006-07-07,102.7134
2006-07-10,102.4557
2006-07-11,100.7338
2006-07-12,99.9195
2006-07-13,100.2335
2006-07-14,102.759
2006-07-17,101.3468
2006-07-18,102.3062
2006-07-19,100.6147
2006-07-20,101.8926
2006-07-21,101.2948
2006-07-24,100.4805
2006-07-25,100.5064
2006-07-26,100.4133
2006-07-27,101.2277
2006-07-28,102.6291
2006-07-31,102.9936
2006-08-01,103.8627
2006-08-02,101.8445
2006-08-03,99.4194
2006-08-04,100.3175
2006-08-07,99.1816
2006-08-08,101.9012
2006-08-09,102.6581
2006-08-10,102.0412
2006-08-11,102.0545
2006-08-14,101.3109
2006-08-15,100.2607
2006-08-16,100.402
2006-08-17,98.9861
2006-08-18,97.8792
2006-08-21,97.4869
2006-08-22,96.9823
2006-08-23,97.5569
2006-08-24,96.1832
2006-08-25,96.4077
2006-08-28,95.7486
2006-08-29,96.4029
2006-08-30,97.2117
2006-08-31,98.6719
2006-09-01,99.6683
2006-09-05,100.8032
2006-09-06,100.4553
2006-09-07,98.8103
2006-09-08,98.2081
2006-09-11,97.559
2006-09-12,95.6361
2006-09-13,96.8179
2006-09-14,97.0493
2006-09-15,93.6661
2006-09-18,93.2489
2006-09-19,93.134
2006-09-20,91.5584
2006-09-21,93.3899
2006-09-22,91.0503
2006-09-25,89.6141
2006-09-26,89.1504
2006-09-27,90.3552
2006-09-28,91.6524
2006-09-29,91.844
2006-10-02,93.083
2006-10-03,92.2108
2006-10-04,93.189
2006-10-05,92.7692
2006-10-06,92.9877
2006-10-10,91.7595
2006-10-11,90.7759
2006-10-12,91.0843
2006-10-13,91.2173
2006-10-16,90.712
2006-10-17,90.5205
2006-10-18,89.3345
2006-10-19,89.5899
2006-10-20,89.4038
2006-10-23,89.0423
2006-10-24,89.2923
2006-10-25,87.5318
2006-10-26,86.9518
2006-10-27,88.5576
2006-10-30,87.6855
2006-10-31,86.7144
2006-11-01,86.9405
2006-11-02,87.8303
2006-11-03,86.0846
2006-11-06,84.8958
2006-11-07,84.1837
2006-11-08,83.3586
2006-11-09,83.5446
2006-11-10,81.3447
2006-11-13,80.2936
2006-11-14,78.7164
2006-11-15,77.4957
2006-11-16,79.3884
2006-11-17,80.0429
2006-11-20,79.2908
2006-11-21,77.2851
2006-11-22,76.9049
2006-11-24,77.8348
2006-11-27,76.3305
2006-11-28,76.5647
2006-11-29,77.0717
2006-11-30,76.727
2006-12-01,82.957
2006-12-04,83.4562
2006-12-05,83.9553
2006-12-06,81.6752
2006-12-07,81.2363
2006-12-08,78.0615
2006-12-11,75.8841
2006-12-12,77.1574
2006-12-13,76.1082
2006-12-14,75.7211
2006-12-15,75.9706
2006-12-18,75.6608
2006-12-19,76.4095
2006-12-20,76.4095
2006-12-21,76.6243
2006-12-22,77.3993
2006-12-26,76.0912
2006-12-27,75.997
2006-12-28,77.1676
2006-12-29,76.988
2007-01-02,77.6055
2007-01-03,78.1584
2007-01-04,77.9503
2007-01-05,77.0241
2007-01-08,74.9636
2007-01-09,73.6499
2007-01-10,73.9082
2007-01-11,74.6834
2007-01-12,75.7602
2007-01-16,75.0639
2007-01-17,74.7048
2007-01-18,73.1901
2007-01-19,72.8239
2007-01-22,71.7542
2007-01-23,73.1469
2007-01-24,74.712
2007-01-25,76.363
2007-01-26,76.4922
2007-01-29,76.8727
2007-01-30,76.6789
2007-01-31,76.1738
2007-02-01,75.2886
2007-02-02,76.2496
2007-02-05,75.5165
2007-02-06,73.1149
2007-02-07,72.4831
2007-02-08,71.9774
2007-02-09,73.6709
2007-02-12,73.5442
2007-02-13,73.6958
2007-02-14,72.5843
2007-02-15,73.2422
2007-02-16,71.978
2007-02-20,72.0034
2007-02-21,71.5481
2007-02-22,71.9774
2007-02-23,70.0311
2007-02-26,69.7283
2007-02-27,73.5232
2007-02-28,74.0285
2007-03-01,74.9028
2007-03-02,76.0831
2007-03-05,75.7091
2007-03-06,75.0242
2007-03-07,75.7066
2007-03-08,74.4582
2007-03-09,70.7861
2007-03-12,70.718
2007-03-13,74.5796
2007-03-14,75.3326
2007-03-15,72.899
2007-03-16,72.1509
2007-03-19,70.9682
2007-03-20,71.3397
2007-03-21,75.3933
2007-03-22,76.7779
2007-03-23,75.7821
2007-03-26,76.7779
2007-03-27,78.5922
2007-03-28,80.5912
2007-03-29,79.0951
2007-03-30,79.7793
2007-04-02,79.283
2007-04-03,77.8612
2007-04-04,77.1769
2007-04-05,78.172
2007-04-06,74.962
2007-04-09,74.6512
2007-04-10,76.3211
2007-04-11,75.6415
2007-04-12,75.2078
2007-04-13,73.6005
2007-04-16,73.1018
2007-04-17,74.1478
2007-04-18,74.3287
2007-04-19,75.0732
2007-04-20,74.825
2007-04-23,74.5745
2007-04-24,74.818
2007-04-25,73.83
2007-04-26,72.8442
2007-04-27,73.4032
2007-04-30,71.76
2007-05-01,70.0376
2007-05-02,70.3501
2007-05-03,67.3381
2007-05-04,66.5765
2007-05-07,65.4628
2007-05-08,65.8313
2007-05-09,65.1749
2007-05-10,65.6552
2007-05-11,66.2244
2007-05-14,66.0483
2007-05-15,67.667
2007-05-16,67.667
2007-05-17,68.1242
2007-05-18,69.631
2007-05-21,69.0059
2007-05-22,70.2001
2007-05-23,72.4998
2007-05-24,72.3156
2007-05-25,71.9471
2007-05-29,70.8257
2007-05-30,69.3836
2007-05-31,68.0963
2007-06-01,68.5283
2007-06-04,67.0791
2007-06-05,68.7228
2007-06-06,70.4536
2007-06-07,76.7804
2007-06-08,78.857
2007-06-11,81.3015
2007-06-12,85.1838
2007-06-13,80.4788
2007-06-14,80.9654
2007-06-15,80.7603
2007-06-18,80.3063
2007-06-19,78.176
2007-06-20,79.3005
2007-06-21,82.6751
2007-06-22,83.4758
2007-06-25,82.4164
2007-06-26,82.9786
2007-06-27,82.4489
2007-06-28,78.6951
2007-06-29,78.7209
2007-07-02,77.4509
2007-07-03,78.7842
2007-07-05,80.9285
2007-07-06,84.6476
2007-07-09,82.4953
2007-07-10,81.35
2007-07-11,82.5389
2007-07-12,82.2065
2007-07-13,82.1254
2007-07-16,80.2877
2007-07-17,80.7565
2007-07-18,80.3411
2007-07-19,79.9632
2007-07-20,79.5479
2007-07-23,78.3866
2007-07-24,79.0435
2007-07-25,78.3946
2007-07-26,82.5787
2007-07-27,84.4878
2007-07-30,84.2721
2007-07-31,82.7075
2007-08-01,82.6348
2007-08-02,79.7598
2007-08-03,81.8713
2007-08-06,80.8156
2007-08-07,78.2314
2007-08-08,79.6494
2007-08-09,86.9655
2007-08-10,86.4926
2007-08-13,85.2917
2007-08-14,87.112
2007-08-15,89.8785
2007-08-16,96.3942
2007-08-17,94.1737
2007-08-20,97.6678
2007-08-21,93.7015
2007-08-22,85.7308
2007-08-23,85.3668
2007-08-24,79.6164
2007-08-27,80.4901
2007-08-28,85.9504
2007-08-29,82.978
2007-08-30,81.5231
2007-08-31,78.1887
2007-09-04,80.3622
2007-09-05,83.124
2007-09-06,81.8306
2007-09-07,83.3943
2007-09-10,85.7426
2007-09-11,80.606
2007-09-12,83.5375
2007-09-13,82.3818
2007-09-14,83.5534
2007-09-17,81.5072
2007-09-18,88.2713
2007-09-19,91.6374
2007-09-20,96.4031
2007-09-21,95.4595
2007-09-24,95.5814
2007-09-25,99.9229
2007-09-26,100.7923
2007-09-27,99.0376
2007-09-28,99.2361
2007-10-01,92.6601
2007-10-02,92.7422
2007-10-03,92.3955
2007-10-04,90.776
2007-10-05,95.8169
2007-10-09,92.1491
2007-10-10,89.5055
2007-10-11,89.3899
2007-10-12,85.0614
2007-10-15,85.1603
2007-10-16,90.1662
2007-10-17,92.6266
2007-10-18,92.5764
2007-10-19,91.7987
2007-10-22,91.4352
2007-10-23,92.5423
2007-10-24,94.6727
2007-10-25,95.6809
2007-10-26,97.003
2007-10-29,92.4594
2007-10-30,91.6002
2007-10-31,89.1523
2007-11-01,91.1251
2007-11-02,95.8868
2007-11-05,96.235
2007-11-06,98.469
2007-11-07,104.1229
2007-11-08,107.7749
2007-11-09,102.1862
2007-11-13,99.8978
2007-11-14,100.1299
2007-11-15,105.9542
2007-11-16,106.879
2007-11-19,111.3977
2007-11-20,109.6388
2007-11-21,116.2646
2007-11-23,114.8647
2007-11-26,110.393
2007-11-27,105.3774
2007-11-28,102.6127
2007-11-29,104.0742
2007-11-30,106.3081
2007-12-03,108.1142
2007-12-04,109.0979
2007-12-05,109.5234
2007-12-06,106.4139
2007-12-07,105.9112
2007-12-10,105.8053
2007-12-11,106.4664
2007-12-12,103.7561
2007-12-13,104.2896
2007-12-14,99.5046
2007-12-17,100.8064
2007-12-18,99.7146
2007-12-19,99.5008
2007-12-20,101.9462
2007-12-21,104.4224
2007-12-24,106.2849
2007-12-26,108.4136
2007-12-27,106.4972
2007-12-28,106.176
2007-12-31,107.2161
2008-01-02,112.6283
2008-01-03,118.0054
2008-01-04,119.1898
2008-01-07,112.3189
2008-01-08,112.3189
2008-01-09,116.8422
2008-01-10,124.7903
2008-01-11,126.6378
2008-01-14,126.5261
2008-01-15,120.807
2008-01-16,124.3065
2008-01-17,122.75
2008-01-18,128.8786
2008-01-22,128.5065
2008-01-23,130.8007
2008-01-24,130.1491
2008-01-25,127.3616
2008-01-28,128.9275
2008-01-29,129.3416
2008-01-30,137.0664
2008-01-31,136.916
2008-02-01,139.9115
2008-02-04,148.0303
2008-02-05,148.7947
2008-02-06,148.1355
2008-02-07,156.667
2008-02-08,154.8844
2008-02-11,154.1288
2008-02-12,158.0436
2008-02-13,163.7228
2008-02-14,173.8708
2008-02-15,169.2385
2008-02-19,167.0279
2008-02-20,160.6312
2008-02-21,159.427
2008-02-22,160.4427
2008-02-25,160.7231
2008-02-26,163.4696
2008-02-27,163.8949
2008-02-28,161.2355
2008-02-29,164.9087
2008-03-03,168.989
2008-03-04,169.8825
2008-03-05,171.5086
2008-03-06,168.006
2008-03-07,163.9662
2008-03-10,156.1277
2008-03-11,155.7276
2008-03-12,149.7657
2008-03-13,150.7454
2008-03-14,149.1599
2008-03-17,142.8042
2008-03-18,134.6372
2008-03-19,128.3302
2008-03-20,115.7214
2008-03-24,114.6947
2008-03-25,117.5397
2008-03-26,124.8442
2008-03-27,131.3496
2008-03-28,133.7291
2008-03-31,133.4208
2008-04-01,133.9385
2008-04-02,128.665
2008-04-03,127.4289
2008-04-04,124.7086
2008-04-07,125.3948
2008-04-08,133.4226
2008-04-09,137.8412
2008-04-10,137.7813
2008-04-11,138.8777
2008-04-14,140.821
2008-04-15,139.577
2008-04-16,134.2955
2008-04-17,123.6918
2008-04-18,120.3048
2008-04-21,118.7606
2008-04-22,116.024
2008-04-23,119.4549
2008-04-24,111.1027
2008-04-25,113.471
2008-04-28,115.6479
2008-04-29,116.6974
2008-04-30,120.9086
2008-05-01,112.8909
2008-05-02,114.5695
2008-05-05,117.1274
2008-05-06,124.325
2008-05-07,125.0012
2008-05-08,122.3885
2008-05-09,120.9814
2008-05-12,114.7742
2008-05-13,111.0922
2008-05-14,110.1283
2008-05-15,109.556
2008-05-16,112.142
2008-05-19,114.3841
2008-05-20,116.1102
2008-05-21,111.3532
2008-05-22,111.3502
2008-05-23,114.8587
2008-05-27,118.5346
2008-05-28,118.398
2008-05-29,122.4387
2008-05-30,121.9997
2008-06-02,123.1796
2008-06-03,120.8537
2008-06-04,124.1926
2008-06-05,128.1162
2008-06-06,126.3771
2008-06-09,103.5786
2008-06-10,100.8749
2008-06-11,108.6398
2008-06-12,106.5228
2008-06-13,107.3101
2008-06-16,105.8981
2008-06-17,107.9559
2008-06-18,104.2709
2008-06-19,100.7989
2008-06-20,103.9226
2008-06-23,98.2135
2008-06-24,100.8053
2008-06-25,109.522
2008-06-26,113.0509
2008-06-27,112.9601
2008-06-30,114.6035
2008-07-01,113.9913
2008-07-02,116.8053
2008-07-03,119.4798
2008-07-07,119.1034
2008-07-08,115.8269
2008-07-09,119.2962
2008-07-10,114.8383
2008-07-11,111.9177
2008-07-14,119.4793
2008-07-15,121.6272
2008-07-16,127.0522
2008-07-17,124.6684
2008-07-18,122.6707
2008-07-21,118.8466
2008-07-22,117.9016
2008-07-23,115.7537
2008-07-24,121.0161
2008-07-25,122.9395
2008-07-28,124.9582
2008-07-29,122.4984
2008-07-30,121.2417
2008-07-31,123.5423
2008-08-01,122.4404
2008-08-04,122.0763
2008-08-05,123.5779
2008-08-06,123.2227
2008-08-07,121.8626
2008-08-08,119.0197
2008-08-11,118.7268
2008-08-12,119.739
2008-08-13,119.4105
2008-08-14,119.7123
2008-08-15,121.3024
2008-08-18,123.0969
2008-08-19,126.4732
2008-08-20,128.6586
2008-08-21,126.6687
2008-08-22,122.3687
2008-08-25,120.2625
2008-08-26,119.0186
2008-08-27,122.7856
2008-08-28,117.671
2008-08-29,122.7779
2008-09-02,121.9994
2008-09-03,118.6703
2008-09-04,120.8031
2008-09-05,120.1246
2008-09-08,117.0935
2008-09-09,118.9312
2008-09-10,124.1479
2008-09-11,125.5237
2008-09-12,129.8451
2008-09-15,150.7486
2008-09-16,136.5015
2008-09-17,152.5705
2008-09-18,153.2363
2008-09-19,139.6255
2008-09-22,149.0666
2008-09-23,153.8029
2008-09-24,163.6402
2008-09-25,153.4351
2008-09-26,160.3012
2008-09-29,171.3203
2008-09-30,166.2293
2008-10-01,176.6919
2008-10-02,188.0267
2008-10-03,180.2187
2008-10-06,177.2112
2008-10-07,177.9858
2008-10-08,196.2923
2008-10-09,196.426
2008-10-10,209.8948
2008-10-14,212.9318
2008-10-15,228.6028
2008-10-16,232.3182
2008-10-17,236.7226
2008-10-20,206.9406
2008-10-21,201.9838
2008-10-22,194.4193
2008-10-23,193.1831
2008-10-24,199.8967
2008-10-27,198.2377
2008-10-28,207.2645
2008-10-29,220.1179
2008-10-30,224.3898
2008-10-31,224.8539
2008-11-03,234.0033
2008-11-04,222.3404
2008-11-05,222.2403
2008-11-06,227.9666
2008-11-07,228.1248
2008-11-10,232.1889
2008-11-12,228.6905
2008-11-13,224.8323
2008-11-14,214.3325
2008-11-17,210.1582
2008-11-18,204.1026
2008-11-19,198.4691
2008-11-20,187.6981
2008-11-21,187.7112
2008-11-24,191.5896
2008-11-25,186.957
2008-11-26,168.7046
2008-11-28,176.863
2008-12-01,153.7452
2008-12-02,142.1461
2008-12-03,129.8359
2008-12-04,120.8538
2008-12-05,137.6774
2008-12-08,135.0156
2008-12-09,136.4517
2008-12-10,138.2586
2008-12-11,131.122
2008-12-12,123.5171
2008-12-15,128.9704
2008-12-16,116.6326
2008-12-17,99.4673
2008-12-18,98.9495
2008-12-19,108.8344
2008-12-22,108.8776
2008-12-23,108.3181
2008-12-24,113.303
2008-12-26,106.1479
2008-12-29,112.9971
2008-12-30,123.3086
2008-12-31,141.9605
2009-01-02,147.1729
2009-01-05,161.0052
2009-01-06,156.6709
2009-01-07,157.4729
2009-01-08,143.5043
2009-01-09,149.2599
2009-01-12,143.3954
2009-01-13,144.7702
2009-01-14,136.5299
2009-01-15,135.5452
2009-01-16,144.402
2009-01-20,149.3228
2009-01-21,160.067
2009-01-22,171.2861
2009-01-23,167.1126
2009-01-26,167.0907
2009-01-27,156.9001
2009-01-28,163.5474
2009-01-29,169.1935
2009-01-30,169.6239
2009-02-02,159.9616
2009-02-03,173.2769
2009-02-04,176.1767
2009-02-05,172.7012
2009-02-06,180.2601
2009-02-09,177.2795
2009-02-10,170.1566
2009-02-11,161.3819
2009-02-12,160.6933
2009-02-13,172.0396
2009-02-17,157.0134
2009-02-18,158.9609
2009-02-19,169.8499
2009-02-20,164.47
2009-02-23,165.0994
2009-02-24,166.3637
2009-02-25,173.9744
2009-02-26,170.8433
2009-02-27,179.9314
2009-03-02,174.4678
2009-03-03,176.5004
2009-03-04,183.4526
2009-03-05,168.629
2009-03-06,166.5836
2009-03-09,164.4864
2009-03-10,173.1216
2009-03-11,164.357
2009-03-12,157.8321
2009-03-13,162.0524
2009-03-16,164.4217
2009-03-17,169.173
2009-03-18,129.803
2009-03-19,139.4221
2009-03-20,138.3605
2009-03-23,140.5355
2009-03-24,140.2507
2009-03-25,152.951
2009-03-26,151.7469
2009-03-27,155.5661
2009-03-30,153.8183
2009-03-31,155.947
2009-04-01,150.4002
2009-04-02,155.1404
2009-04-03,164.2813
2009-04-06,166.7755
2009-04-07,164.4968
2009-04-08,156.0608
2009-04-09,159.4006
2009-04-13,157.9513
2009-04-14,153.7627
2009-04-15,150.2075
2009-04-16,152.4828
2009-04-17,158.0457
2009-04-20,153.8344
2009-04-21,159.9327
2009-04-22,162.1298
2009-04-23,163.9908
2009-04-24,170.8074
2009-04-27,170.1808
2009-04-28,173.8893
2009-04-29,184.1046
2009-04-30,189.8584
2009-05-01,190.8496
2009-05-04,187.1131
2009-05-05,185.2778
2009-05-06,184.3195
2009-05-07,192.5667
2009-05-08,191.4594
2009-05-11,188.1238
2009-05-12,188.4878
2009-05-13,185.6458
2009-05-14,188.093
2009-05-15,190.6388
2009-05-18,194.1409
2009-05-19,198.4891
2009-05-20,199.5656
2009-05-21,210.9705
2009-05-22,218.9041
2009-05-26,224.5242
2009-05-27,241.2253
2009-05-28,240.3212
2009-05-29,230.708
2009-06-01,249.3098
2009-06-02,248.3217
2009-06-03,244.8157
2009-06-04,257.0489
2009-06-05,239.1726
2009-06-08,228.2776
2009-06-09,235.3286
2009-06-10,234.4232
2009-06-11,227.328
2009-06-12,229.0367
2009-06-15,227.5833
2009-06-16,226.385
2009-06-17,227.1947
2009-06-18,237.203
2009-06-19,234.5894
2009-06-22,232.6708
2009-06-23,230.6947
2009-06-24,232.3648
2009-06-25,225.0658
2009-06-26,225.2125
2009-06-29,224.5049
2009-06-30,226.5094
2009-07-01,232.5429
2009-07-02,231.9267
2009-07-06,235.949
2009-07-07,226.9814
2009-07-08,214.0907
2009-07-09,222.3427
2009-07-10,214.5292
2009-07-13,218.5382
2009-07-14,223.9154
2009-07-15,231.2177
2009-07-16,231.3629
2009-07-17,237.9105
2009-07-20,232.4015
2009-07-21,225.9266
2009-07-22,231.3037
2009-07-23,238.8698
2009-07-24,238.1446
2009-07-27,241.4514
2009-07-28,236.5586
2009-07-29,233.3044
2009-07-30,227.2776
2009-07-31,220.4936
2009-08-03,230.0821
2009-08-04,230.588
2009-08-05,235.7489
2009-08-06,233.8373
2009-08-07,235.603
2009-08-10,232.6727
2009-08-11,230.6864
2009-08-12,237.1273
2009-08-13,229.2841
2009-08-14,229.1414
2009-08-17,225.8853
2009-08-18,226.9956
2009-08-19,225.4099
2009-08-20,223.7021
2009-08-21,230.3808
2009-08-24,231.5012
2009-08-25,226.4149
2009-08-26,227.3453
2009-08-27,230.6331
2009-08-28,231.7501
2009-08-31,230.7122
2009-09-01,233.6774
2009-09-02,228.7923
2009-09-03,231.6171
2009-09-04,240.3369
2009-09-08,241.7747
2009-09-09,244.1454
2009-09-10,234.9066
2009-09-11,233.3391
2009-09-14,239.4673
2009-09-15,242.0202
2009-09-16,240.8296
2009-09-17,236.7476
2009-09-18,240.3245
2009-09-21,240.7909
2009-09-22,241.14
2009-09-23,241.5013
2009-09-24,240.7491
2009-09-25,230.9298
2009-09-28,229.5043
2009-09-29,225.4626
2009-09-30,230.1922
2009-10-01,224.4519
2009-10-02,225.9359
2009-10-05,226.7923
2009-10-06,226.111
2009-10-07,222.6084
2009-10-08,227.2496
2009-10-09,232.8733
2009-10-13,232.1054
2009-10-14,239.0916
2009-10-15,242.0155
2009-10-16,235.16
2009-10-19,233.1603
2009-10-20,233.1998
2009-10-21,236.3617
2009-10-22,239.8407
2009-10-23,239.7429
2009-10-26,244.496
2009-10-27,241.7237
2009-10-28,242.9066
2009-10-29,246.6915
2009-10-30,242.4259
2009-11-02,243.0593
2009-11-03,248.6337
2009-11-04,254.6042
2009-11-05,253.3374
2009-11-06,251.4965
2009-11-09,249.9024
2009-11-10,250.4076
2009-11-12,248.5666
2009-11-13,248.5073
2009-11-16,242.5578
2009-11-17,242.4392
2009-11-18,248.1819
2009-11-19,247.7667
2009-11-20,248.3408
2009-11-23,246.2415
2009-11-24,244.9555
2009-11-25,239.9227
2009-11-27,235.0754
2009-11-30,240.1393
2009-12-01,245.7811
2009-12-02,246.9288
2009-12-03,251.5493
2009-12-04,250.8883
2009-12-07,255.2444
2009-12-08,252.0657
2009-12-09,252.9034
2009-12-10,256.8891
2009-12-11,259.735
2009-12-14,256.9392
2009-12-15,260.6457
2009-12-16,262.6459
2009-12-17,259.8877
2009-12-18,262.8523
2009-12-21,267.8672
2009-12-22,270.1546
2009-12-23,270.1432
2009-12-24,270.4418
2009-12-28,266.6134
2009-12-29,264.9802
2009-12-30,262.6699
2009-12-31,263.7633
2010-01-04,268.8674
2010-01-05,266.7362
2010-01-06,271.7757
2010-01-07,270.8888
2010-01-08,274.7631
2010-01-11,277.5027
2010-01-12,269.5888
2010-01-13,271.0018
2010-01-14,269.9802
2010-01-15,267.9765
2010-01-19,268.2476
2010-01-20,265.3409
2010-01-21,263.6245
2010-01-22,265.7573
2010-01-25,268.3049
2010-01-26,266.1326
2010-01-27,265.5491
2010-01-28,267.9854
2010-01-29,266.0851
2010-02-01,268.0702
2010-02-02,266.5652
2010-02-03,270.2227
2010-02-04,267.0899
2010-02-05,264.4796
2010-02-08,267.2171
2010-02-09,267.3199
2010-02-10,266.5853
2010-02-11,269.4501
2010-02-12,269.6198
2010-02-16,269.3496
2010-02-17,273.2147
2010-02-18,278.5245
2010-02-19,273.5877
2010-02-22,277.9596
2010-02-23,270.8746
2010-02-24,272.0603
2010-02-25,271.0666
2010-02-26,269.2227
2010-03-01,270.612
2010-03-02,272.0057
2010-03-03,270.5553
2010-03-04,264.2902
2010-03-05,267.5803
2010-03-08,270.6517
2010-03-09,270.1929
2010-03-10,269.3149
2010-03-11,266.2349
2010-03-12,264.3781
2010-03-15,266.296
2010-03-16,263.7617
2010-03-17,262.9491
2010-03-18,262.4163
2010-03-19,259.7994
2010-03-22,258.4186
2010-03-23,259.6375
2010-03-24,268.2975
2010-03-25,275.9959
2010-03-26,275.6635
2010-03-29,277.114
2010-03-30,275.4888
2010-03-31,275.0276
2010-04-01,275.75
2010-04-02,278.3633
2010-04-05,276.0733
2010-04-06,276.5497
2010-04-07,273.5752
2010-04-08,277.2718
2010-04-09,276.7338
2010-04-12,274.2283
2010-04-13,269.1484
2010-04-14,272.9833
2010-04-15,274.2205
2010-04-16,273.6054
2010-04-19,274.4202
2010-04-20,271.669
2010-04-21,267.2499
2010-04-22,269.5786
2010-04-23,270.1321
2010-04-26,269.548
2010-04-27,264.1603
2010-04-28,270.3239
2010-04-29,269.2786
2010-04-30,267.4464
2010-05-03,269.0157
2010-05-04,265.7334
2010-05-05,266.2073
2010-05-06,259.7276
2010-05-07,258.2527
2010-05-10,265.6473
2010-05-11,264.545
2010-05-12,266.436
2010-05-13,266.7497
2010-05-14,260.7368
2010-05-17,261.7885
2010-05-18,258.5486
2010-05-19,255.8947
2010-05-20,250.357
2010-05-21,244.4891
2010-05-24,247.2704
2010-05-25,241.8093
2010-05-26,245.1875
2010-05-27,252.5624
2010-05-28,258.3199
2010-06-01,255.666
2010-06-02,257.1912
2010-06-03,258.1987
2010-06-04,249.2271
2010-06-07,245.0542
2010-06-08,243.4793
2010-06-09,246.6787
2010-06-10,255.0986
2010-06-11,250.7183
2010-06-14,255.198
2010-06-15,257.6967
2010-06-16,257.7464
2010-06-17,253.0994
2010-06-18,255.3811
2010-06-21,257.3342
2010-06-22,251.7136
2010-06-23,249.8878
2010-06-24,248.6972
2010-06-25,248.9639
2010-06-28,242.6923
2010-06-29,240.5161
2010-06-30,239.1084
2010-07-01,237.4389
2010-07-02,242.3975
2010-07-06,236.8732
2010-07-07,240.2471
2010-07-08,244.9864
2010-07-09,246.2948
2010-07-12,244.0596
2010-07-13,247.2493
2010-07-14,245.8709
2010-07-15,237.8
2010-07-16,232.6718
2010-07-19,235.0839
2010-07-20,234.2141
2010-07-21,232.4672
2010-07-22,235.8836
2010-07-23,240.9196
2010-07-26,237.6655
2010-07-27,237.8204
2010-07-28,236.3075
2010-07-29,234.2068
2010-07-30,228.9278
2010-08-02,233.1894
2010-08-03,228.1125
2010-08-04,230.3566
2010-08-05,229.8153
2010-08-06,222.5998
2010-08-09,221.099
2010-08-10,214.5618
2010-08-11,207.0317
2010-08-12,207.1776
2010-08-13,205.4905
2010-08-16,200.3328
2010-08-17,206.5555
2010-08-18,209.0087
2010-08-19,205.7964
2010-08-20,211.2844
2010-08-23,209.9366
2010-08-24,199.8724
2010-08-25,203.8598
2010-08-26,199.3241
2010-08-27,208.5793
2010-08-30,204.4807
2010-08-31,200.1305
2010-09-01,209.5678
2010-09-02,212.2194
2010-09-03,219.162
2010-09-07,210.1272
2010-09-08,211.7192
2010-09-09,216.1106
2010-09-10,219.3511
2010-09-13,216.6494
2010-09-14,213.3291
2010-09-15,218.7981
2010-09-16,223.0892
2010-09-17,221.0562
2010-09-20,218.1886
2010-09-21,209.6243
2010-09-22,206.227
2010-09-23,206.8159
2010-09-24,210.5772
2010-09-27,202.0336
2010-09-28,196.9465
2010-09-29,200.0301
2010-09-30,203.0854
2010-10-01,203.4474
2010-10-04,198.9349
2010-10-05,196.6037
2010-10-06,193.2081
2010-10-07,195.3228
2010-10-08,194.5633
2010-10-12,195.7776
2010-10-13,195.4419
2010-10-14,200.502
2010-10-15,208.4009
2010-10-18,199.4997
2010-10-19,197.9852
2010-10-20,198.9521
2010-10-21,204.0694
2010-10-22,207.0365
2010-10-25,207.0365
2010-10-26,212.6442
2010-10-27,218.6402
2010-10-28,215.0591
2010-10-29,212.4106
2010-11-01,211.5907
2010-11-02,208.2012
2010-11-03,208.7337
2010-11-04,192.6738
2010-11-05,194.0375
2010-11-08,191.761
2010-11-09,199.5852
2010-11-10,194.3728
2010-11-12,201.0644
2010-11-15,215.5578
2010-11-16,212.8783
2010-11-17,216.4087
2010-11-18,220.5871
2010-11-19,219.3755
2010-11-22,214.5857
2010-11-23,214.2195
2010-11-24,221.021
2010-11-26,217.9132
2010-11-29,215.7682
2010-11-30,219.9655
2010-12-01,229.2148
2010-12-02,232.9923
2010-12-03,236.791
2010-12-06,232.3033
2010-12-07,245.7943
2010-12-08,245.1907
2010-12-09,245.2219
2010-12-10,253.5395
2010-12-13,248.7189
2010-12-14,263.6418
2010-12-15,266.4072
2010-12-16,262.1098
2010-12-17,254.7041
2010-12-20,257.4663
2010-12-21,252.9261
2010-12-22,255.352
2010-12-23,257.75
2010-12-27,252.2257
2010-12-28,261.4996
2010-12-29,257.0955
2010-12-30,257.9583
2010-12-31,258.0888
2011-01-03,260.6877
2011-01-04,257.1655
2011-01-05,260.868
2011-01-06,257.6969
2011-01-07,253.6267
2011-01-10,253.4468
2011-01-11,257.3124
2011-01-12,256.7077
2011-01-13,250.9051
2011-01-14,254.0516
2011-01-18,257.8028
2011-01-19,256.6912
2011-01-20,263.6217
2011-01-21,260.9084
2011-01-24,259.421
2011-01-25,253.9371
2011-01-26,261.1208
2011-01-27,260.5404
2011-01-28,257.1568
2011-01-31,259.8987
2011-02-01,262.2867
2011-02-02,262.9575
2011-02-03,265.4635
2011-02-04,271.3746
2011-02-07,270.1511
2011-02-08,271.5736
2011-02-09,269.0308
2011-02-10,270.7555
2011-02-11,265.8393
2011-02-14,263.6798
2011-02-15,265.0212
2011-02-16,264.5126
2011-02-17,265.9646
2011-02-18,267.2545
2011-02-22,258.1297
2011-02-23,262.1098
2011-02-24,260.7856
2011-02-25,259.6333
2011-02-28,263.2504
2011-03-01,264.5392
2011-03-02,267.7691
2011-03-03,269.3933
2011-03-04,269.8484
2011-03-07,268.4871
2011-03-08,268.9923
2011-03-09,265.3659
2011-03-10,260.8064
2011-03-11,261.9162
2011-03-14,259.3657
2011-03-15,256.4257
2011-03-16,249.0689
2011-03-17,251.0078
2011-03-18,254.4506
2011-03-21,256.3918
2011-03-22,256.5731
2011-03-23,257.2548
2011-03-24,260.9514
2011-03-25,257.7669
2011-03-28,256.9086
2011-03-29,258.8475
2011-03-30,256.263
2011-03-31,259.1722
2011-04-01,257.6803
2011-04-04,257.313
2011-04-05,258.1767
2011-04-06,262.5118
2011-04-07,265.9374
2011-04-08,265.6792
2011-04-11,263.7828
2011-04-12,262.6436
2011-04-13,260.8217
2011-04-14,260.3054
2011-04-15,259.6081
2011-04-18,258.2653
2011-04-19,258.1735
2011-04-20,261.4499
2011-04-21,261.1372
2011-04-25,259.4444
2011-04-26,257.3557
2011-04-27,260.4944
2011-04-28,256.5465
2011-04-29,254.7146
2011-05-02,254.5742
2011-05-03,252.9126
2011-05-04,250.4756
2011-05-05,245.3843
2011-05-06,245.4444
2011-05-09,244.3879
2011-05-10,245.7253
2011-05-11,244.652
2011-05-12,247.3532
2011-05-13,244.7289
2011-05-16,242.8033
2011-05-17,239.808
2011-05-18,243.131
2011-05-19,244.7589
2011-05-20,243.8729
2011-05-23,239.3266
2011-05-24,239.4035
2011-05-25,238.9221
2011-05-26,235.804
2011-05-27,234.702
2011-05-31,234.7425
2011-06-01,227.8248
2011-06-02,230.9783
2011-06-03,229.9831
2011-06-06,230.1634
2011-06-07,234.0089
2011-06-08,229.7442
2011-06-09,232.0309
2011-06-10,230.9602
2011-06-13,233.7237
2011-06-14,240.1703
2011-06-15,230.9659
2011-06-16,224.3277
2011-06-17,227.5566
2011-06-20,229.6394
2011-06-21,232.0073
2011-06-22,231.792
2011-06-23,225.0896
2011-06-24,220.8948
2011-06-27,219.8771
2011-06-28,226.0272
2011-06-29,235.8651
2011-06-30,242.5173
2011-07-01,244.8345
2011-07-05,241.2078
2011-07-06,238.3101
2011-07-07,239.0065
2011-07-08,232.2407
2011-07-11,224.0956
2011-07-12,221.8364
2011-07-13,221.0748
2011-07-14,225.1939
2011-07-15,220.6174
2011-07-18,219.763
2011-07-19,218.1748
2011-07-20,222.2636
2011-07-21,227.2046
2011-07-22,224.7039
2011-07-25,224.7015
2011-07-26,221.9269
2011-07-27,222.0151
2011-07-28,221.56
2011-07-29,211.3039
2011-08-01,205.165
2011-08-02,198.0453
2011-08-03,195.9976
2011-08-04,187.7503
2011-08-05,199.8856
2011-08-08,183.0283
2011-08-09,173.4806
2011-08-10,169.5277
2011-08-11,181.7364
2011-08-12,172.068
2011-08-15,175.5241
2011-08-16,168.9273
2011-08-17,164.3393
2011-08-18,158.2349
2011-08-19,157.6344
2011-08-22,160.3864
2011-08-23,162.8186
2011-08-24,171.0356
2011-08-25,167.8645
2011-08-26,165.0089
2011-08-29,171.6749
2011-08-30,163.35
2011-08-31,168.4477
2011-09-01,161.8937
2011-09-02,149.9354
2011-09-06,151.9311
2011-09-07,156.0238
2011-09-08,151.9167
2011-09-09,146.5428
2011-09-12,146.0901
2011-09-13,151.3917
2011-09-14,155.6015
2011-09-15,162.5343
2011-09-16,163.0883
2011-09-19,152.9957
2011-09-20,153.2285
2011-09-21,144.8377
2011-09-22,131.0009
2011-09-23,140.0161
2011-09-26,146.599
2011-09-27,156.0076
2011-09-28,153.0068
2011-09-29,148.5353
2011-09-30,147.1201
2011-10-03,137.5648
2011-10-04,137.1817
2011-10-05,146.9179
2011-10-06,153.4193
2011-10-07,158.7502
2011-10-11,165.6666
2011-10-12,172.0725
2011-10-13,166.5819
2011-10-14,172.9879
2011-10-17,164.124
2011-10-18,163.1025
2011-10-19,163.2941
2011-10-20,165.1137
2011-10-21,165.3265
2011-10-24,168.5825
2011-10-25,161.2299
2011-10-26,165.1561
2011-10-27,178.7761
2011-10-28,171.4236
2011-10-31,162.1112
2011-11-01,148.7479
2011-11-02,149.0838
2011-11-03,151.8182
2011-11-04,150.2965
2011-11-07,145.6007
2011-11-08,151.8182
2011-11-09,142.8662
2011-11-10,149.0581
2011-11-14,147.6133
2011-11-15,148.1031
2011-11-16,144.6714
2011-11-17,139.5628
2011-11-18,144.6446
2011-11-21,142.8651
2011-11-22,141.9113
2011-11-23,135.5643
2011-11-25,142.2203
2011-11-28,143.6658
2011-11-29,146.7271
2011-11-30,151.7365
2011-12-01,153.1859
2011-12-02,147.5286
2011-12-05,148.1609
2011-12-06,151.9369
2011-12-07,146.0325
2011-12-08,142.3634
2011-12-09,148.791
2011-12-12,144.9527
2011-12-13,140.1904
2011-12-14,134.8271
2011-12-15,136.4145
2011-12-16,131.7592
2011-12-19,129.7554
2011-12-20,136.8464
2011-12-21,137.5255
2011-12-22,135.9693
2011-12-23,141.6577
2011-12-27,140.4555
2011-12-28,133.1485
2011-12-29,131.7302
2011-12-30,130.0696
2012-01-03,135.8988
2012-01-04,137.8902
2012-01-05,136.8809
2012-01-06,134.0795
2012-01-09,133.8398
2012-01-10,135.6321
2012-01-11,131.3825
2012-01-12,134.7545
2012-01-13,128.1557
2012-01-17,127.9431
2012-01-18,130.9707
2012-01-19,137.7551
2012-01-20,142.5616
2012-01-23,146.5309
2012-01-24,145.1369
2012-01-25,139.2672
2012-01-26,131.8584
2012-01-27,128.6586
2012-01-30,124.6758
2012-01-31,120.7642
2012-02-01,123.7402
2012-02-02,121.3698
2012-02-03,130.1263
2012-02-06,126.9267
2012-02-07,131.535
2012-02-08,131.9432
2012-02-09,134.3656
2012-02-10,126.6619
2012-02-13,127.7277
2012-02-14,122.2098
2012-02-15,122.3813
2012-02-16,128.3593
2012-02-17,129.9135
2012-02-21,132.705
2012-02-22,128.7154
2012-02-23,125.976
2012-02-24,125.0274
2012-02-27,121.7272
2012-02-28,121.5167
2012-02-29,125.3478
2012-03-01,131.7418
2012-03-02,126.7598
2012-03-05,126.7068
2012-03-06,122.7054
2012-03-07,122.0656
2012-03-08,125.1396
2012-03-09,125.8816
2012-03-12,125.4955
2012-03-13,131.6434
2012-03-14,141.7475
2012-03-15,143.5381
2012-03-16,147.2215
2012-03-19,152.9682
2012-03-20,152.1732
2012-03-21,147.0133
2012-03-22,145.2832
2012-03-23,142.9967
2012-03-26,143.9847
2012-03-27,140.1763
2012-03-28,140.3693
2012-03-29,136.7086
2012-03-30,141.2196
2012-04-02,139.6481
2012-04-03,145.1488
2012-04-04,141.0278
2012-04-05,133.9693
2012-04-06,123.5708
2012-04-09,122.7857
2012-04-10,120.6198
2012-04-11,123.5614
2012-04-12,126.696
2012-04-13,122.9681
2012-04-16,121.3987
2012-04-17,124.3403
2012-04-18,123.3581
2012-04-19,120.8096
2012-04-20,121.9858
2012-04-23,119.6291
2012-04-24,121.3956
2012-04-25,122.5718
2012-04-26,120.8043
2012-04-27,117.4727
2012-04-30,116.3261
2012-05-01,119.3873
2012-05-02,116.6996
2012-05-03,117.0887
2012-05-04,112.2996
2012-05-07,111.9104
2012-05-08,108.8439
2012-05-09,109.0359
2012-05-10,110.1826
2012-05-11,106.5349
2012-05-14,101.922
2012-05-15,101.3304
2012-05-16,99.5868
2012-05-17,94.1956
2012-05-18,94.0088
2012-05-21,96.3126
2012-05-22,99.7632
2012-05-23,95.3684
2012-05-24,96.8834
2012-05-25,95.3632
2012-05-29,94.3358
2012-05-30,85.9164
2012-05-31,84.2019
2012-06-01,76.3367
2012-06-04,83.8421
2012-06-05,86.5512
2012-06-06,92.4904
2012-06-07,90.558
2012-06-08,89.396
2012-06-11,85.3449
2012-06-12,90.321
2012-06-13,83.766
2012-06-14,86.2699
2012-06-15,84.1702
2012-06-18,83.9649
2012-06-19,87.0467
2012-06-20,88.5558
2012-06-21,86.6297
2012-06-22,90.6682
2012-06-25,84.5174
2012-06-26,85.2752
2012-06-27,84.3184
2012-06-28,79.6958
2012-06-29,85.61
2012-07-02,79.7202
2012-07-03,82.7486
2012-07-05,80.8761
2012-07-06,77.8558
2012-07-09,76.7322
2012-07-10,75.385
2012-07-11,76.1583
2012-07-12,76.5653
2012-07-13,78.6858
2012-07-16,78.1686
2012-07-17,79.8579
2012-07-18,78.9338
2012-07-19,83.1586
2012-07-20,78.5836
2012-07-23,76.2799
2012-07-24,74.1836
2012-07-25,73.7848
2012-07-26,75.4904
2012-07-27,84.2416
2012-07-30,81.2294
2012-07-31,80.4723
2012-08-01,85.0245
2012-08-02,79.6962
2012-08-03,87.3006
2012-08-06,85.2102
2012-08-07,89.372
2012-08-08,88.9721
2012-08-09,89.3531
2012-08-10,87.0817
2012-08-13,88.415
2012-08-14,93.5481
2012-08-15,98.8622
2012-08-16,101.143
2012-08-17,99.4288
2012-08-20,99.6241
2012-08-21,97.7099
2012-08-22,91.453
2012-08-23,88.0388
2012-08-24,88.215
2012-08-27,86.1294
2012-08-28,83.6438
2012-08-29,84.2692
2012-08-30,81.2407
2012-08-31,77.1421
2012-09-04,79.4841
2012-09-05,79.6793
2012-09-06,84.3633
2012-09-07,82.4115
2012-09-10,84.7527
2012-09-11,85.7282
2012-09-12,91.9714
2012-09-13,87.8735
2012-09-14,96.8494
2012-09-17,95.0934
2012-09-18,92.5572
2012-09-19,89.2409
2012-09-20,89.2407
2012-09-21,85.9238
2012-09-24,82.4121
2012-09-25,79.2904
2012-09-26,74.2172
2012-09-27,77.1433
2012-09-28,78.8912
2012-10-01,77.7307
2012-10-02,76.9571
2012-10-03,76.5739
2012-10-04,78.8876
2012-10-05,83.5223
2012-10-09,81.975
2012-10-10,79.4588
2012-10-11,78.4899
2012-10-12,78.6869
2012-10-15,79.0756
2012-10-16,82.9366
2012-10-17,90.0802
2012-10-18,91.2407
2012-10-19,85.8234
2012-10-22,88.5275
2012-10-23,86.794
2012-10-24,87.1826
2012-10-25,90.6532
2012-10-26,84.0844
2012-10-29,82.1539
2012-10-30,82.7305
2012-10-31,79.4014
2012-11-01,82.7081
2012-11-02,82.9076
2012-11-05,79.5784
2012-11-06,83.4972
2012-11-07,75.274
2012-11-08,72.5344
2012-11-09,71.5638
2012-11-13,70.9651
2012-11-14,70.9651
2012-11-15,71.5458
2012-11-16,69.5954
2012-11-19,72.7205
2012-11-20,74.8839
2012-11-21,76.4578
2012-11-23,77.2379
2012-11-26,74.8929
2012-11-27,73.1331
2012-11-28,70.5886
2012-11-29,70.0684
2012-11-30,69.5015
2012-12-03,71.2299
2012-12-04,71.0539
2012-12-05,68.7474
2012-12-06,67.7841
2012-12-07,71.2465
2012-12-10,70.8667
2012-12-11,73.564
2012-12-12,77.4117
2012-12-13,81.4576
2012-12-14,82.2503
2012-12-17,86.087
2012-12-18,88.5474
2012-12-19,85.8501
2012-12-20,85.8501
2012-12-21,82.5859
2012-12-24,84.5125
2012-12-26,82.0024
2012-12-27,77.9731
2012-12-28,78.3695
2012-12-31,80.4979
2013-01-02,87.652
2013-01-03,92.8685
2013-01-04,93.4436
2013-01-07,92.6696
2013-01-08,90.7453
2013-01-09,89.7886
2013-01-10,93.2662
2013-01-11,91.3338
2013-01-14,90.1756
2013-01-15,87.2731
2013-01-16,86.4964
2013-01-17,90.1621
2013-01-18,87.652
2013-01-22,86.8834
2013-01-23,86.4964
2013-01-24,87.2704
2013-01-25,93.629
2013-01-28,95.1717
2013-01-29,97.1201
2013-01-30,97.8967
2013-01-31,97.8759
2013-02-01,99.8424
2013-02-04,95.5092
2013-02-05,98.2761
2013-02-06,94.9053
2013-02-07,92.7492
2013-02-08,92.9458
2013-02-11,93.1494
2013-02-12,95.1367
2013-02-13,97.9037
2013-02-14,93.9499
2013-02-15,93.9569
2013-02-19,95.9303
2013-02-20,95.1298
2013-02-21,91.7729
2013-02-22,90.7827
2013-02-25,84.4692
2013-02-26,83.0132
2013-02-27,83.9355
2013-02-28,82.947
2013-03-01,80.3832
2013-03-04,82.3524
2013-03-05,83.1439
2013-03-06,86.1094
2013-03-07,91.4339
2013-03-08,97.7353
2013-03-11,97.3453
2013-03-12,93.9977
2013-03-13,93.4148
2013-03-14,92.8279
2013-03-15,89.2679
2013-03-18,85.3295
2013-03-19,81.9702
2013-03-20,83.3564
2013-03-21,82.7696
2013-03-22,81.0012
2013-03-25,81.3834
2013-03-26,79.4181
2013-03-27,74.8812
2013-03-28,77.038
2013-04-01,75.2699
2013-04-02,77.038
2013-04-03,73.2884
2013-04-04,67.7877
2013-04-05,63.8587
2013-04-08,67.5913
2013-04-09,67.7919
2013-04-10,72.7033
2013-04-11,71.1316
2013-04-12,66.0196
2013-04-15,65.6225
2013-04-16,66.8012
2013-04-17,65.426
2013-04-18,64.4437
2013-04-19,65.8232
2013-04-22,65.4218
2013-04-23,65.6182
2013-04-24,64.8367
2013-04-25,66.2033
2013-04-26,62.6545
2013-04-29,62.8467
2013-04-30,64.0094
2013-05-01,61.678
2013-05-02,61.2904
2013-05-03,69.4415
2013-05-06,71.767
2013-05-07,71.5791
2013-05-08,69.6411
2013-05-09,70.4163
2013-05-10,77.2079
2013-05-13,78.1798
2013-05-14,81.2805
2013-05-15,80.1148
2013-05-16,73.517
2013-05-17,79.1517
2013-05-20,80.1177
2013-05-21,79.3396
2013-05-22,86.5187
2013-05-23,86.5158
2013-05-24,85.1622
2013-05-28,93.9064
2013-05-29,92.6173
2013-05-30,92.2963
2013-05-31,94.9228
2013-06-03,93.8849
2013-06-04,94.8856
2013-06-05,92.2715
2013-06-06,90.0452
2013-06-07,97.8875
2013-06-10,100.3511
2013-06-11,98.1745
2013-06-12,100.5885
2013-06-13,97.1366
2013-06-14,94.5737
2013-06-17,99.1518
2013-06-18,100.1525
2013-06-19,112.5093
2013-06-20,119.8133
2013-06-21,125.766
2013-06-24,126.6658
2013-06-25,129.48
2013-06-26,127.5547
2013-06-27,125.2291
2013-06-28,125.4842
2013-07-01,125.8963
2013-07-02,125.2537
2013-07-03,126.6125
2013-07-05,145.968
2013-07-08,140.8273
2013-07-09,137.9432
2013-07-10,141.2148
2013-07-11,131.4928
2013-07-12,132.8271
2013-07-15,129.4081
2013-07-16,129.3345
2013-07-17,125.7095
2013-07-18,128.4368
2013-07-19,125.067
2013-07-22,124.4734
2013-07-23,126.1461
2013-07-24,131.2131
2013-07-25,133.6362
2013-07-26,131.5857
2013-07-29,133.2583
2013-07-30,134.3129
2013-07-31,134.8757
2013-08-01,146.5466
2013-08-02,133.7943
2013-08-05,136.1089
2013-08-06,136.2875
2013-08-07,132.9722
2013-08-08,131.0955
2013-08-09,130.7114
2013-08-12,133.1777
2013-08-13,142.6147
2013-08-14,141.9712
2013-08-15,144.1341
2013-08-16,149.764
2013-08-19,154.3125
2013-08-20,148.4502
2013-08-21,152.4897
2013-08-22,155.3768
2013-08-23,148.3351
2013-08-26,147.0212
2013-08-27,139.5146
2013-08-28,144.2213
2013-08-29,140.8554
2013-08-30,144.0148
2013-09-03,149.2147
2013-09-04,149.9739
2013-09-05,152.8353
2013-09-06,152.0264
2013-09-09,148.7982
2013-09-10,151.2552
2013-09-11,148.3877
2013-09-12,148.7484
2013-09-13,147.492
2013-09-16,146.963
2013-09-17,147.4044
2013-09-18,135.4622
2013-09-19,140.0026
2013-09-20,138.3855
2013-09-23,136.7186
2013-09-24,130.7415
2013-09-25,127.7684
2013-09-26,130.2314
2013-09-27,128.1042
2013-09-30,129.0476
2013-10-01,130.8671
2013-10-02,129.0476
2013-10-03,127.447
2013-10-04,131.2292
2013-10-07,127.9286
2013-10-08,124.8687
2013-10-09,127.9394
2013-10-10,131.8756
2013-10-11,131.4483
2013-10-15,133.4544
2013-10-16,129.8587
2013-10-17,122.7107
2013-10-18,123.5001
2013-10-21,124.8923
2013-10-22,117.7226
2013-10-23,114.2137
2013-10-24,116.9875
2013-10-25,115.5735
2013-10-28,116.1655
2013-10-29,114.9597
2013-10-30,117.9091
2013-10-31,120.6218
2013-11-01,127.0646
2013-11-04,125.6793
2013-11-05,130.9388
2013-11-06,127.9879
2013-11-07,125.6431
2013-11-08,136.2056
2013-11-12,136.8261
2013-11-13,132.3241
2013-11-14,128.9619
2013-11-15,129.5535
2013-11-18,127.1942
2013-11-19,129.5607
2013-11-20,136.53
2013-11-21,136.9124
2013-11-22,133.0381
2013-11-25,131.487
2013-11-26,127.5718
2013-11-27,132.2324
2013-11-29,133.6504
2013-12-02,138.7852
2013-12-03,136.1342
2013-12-04,141.2513
2013-12-05,143.3299
2013-12-06,144.7656
2013-12-09,143.145
2013-12-10,137.0327
2013-12-11,140.5292
2013-12-12,141.2605
2013-12-13,141.0579
2013-12-16,141.0755
2013-12-17,138.5741
2013-12-18,143.7527
2013-12-19,147.4081
2013-12-20,145.2328
2013-12-23,147.9191
2013-12-24,151.0458
2013-12-26,150.3061
2013-12-27,151.8561
2013-12-30,149.5926
2013-12-31,151.8197
2014-01-02,149.5926
2014-01-03,148.64
2014-01-06,145.9631
2014-01-07,143.5185
2014-01-08,147.11
2014-01-09,144.2755
2014-01-10,137.9621
2014-01-13,136.2676
2014-01-14,138.412
2014-01-15,139.8741
2014-01-16,136.4172
2014-01-17,135.1725
2014-01-21,136.1698
2014-01-22,138.7042
2014-01-23,132.4656
2014-01-24,130.3811
2014-01-27,133.2306
2014-01-28,130.9586
2014-01-29,126.6021
2014-01-30,129.2192
2014-01-31,126.5151
2014-02-03,120.4762
2014-02-04,123.3627
2014-02-05,126.0459
2014-02-06,128.7292
2014-02-07,125.9832
2014-02-10,126.0041
2014-02-11,128.7501
2014-02-12,131.4752
2014-02-13,127.6714
2014-02-14,129.0937
2014-02-18,126.5719
2014-02-19,127.8746
2014-02-20,130.537
2014-02-21,129.8856
2014-02-24,130.9434
2014-02-25,127.041
2014-02-26,125.2711
2014-02-27,122.4802
2014-02-28,124.6371
2014-03-03,120.5035
2014-03-04,126.5842
2014-03-05,126.5842
2014-03-06,128.83
2014-03-07,131.614
2014-03-10,130.5356
2014-03-11,128.8576
2014-03-12,126.2516
2014-03-13,121.8193
2014-03-14,121.0099
2014-03-17,124.0948
2014-03-18,123.1371
2014-03-19,128.3747
2014-03-20,127.8641
2014-03-21,127.0251
2014-03-24,125.8853
2014-03-25,126.8153
2014-03-26,125.1394
2014-03-27,123.9106
2014-03-28,127.506
2014-03-31,130.6903
2014-04-01,132.1988
2014-04-02,135.7651
2014-04-03,135.1322
2014-04-04,130.3202
2014-04-07,129.7391
2014-04-08,127.5977
2014-04-09,128.2187
2014-04-10,124.5888
2014-04-11,122.933
2014-04-14,124.8953
2014-04-15,124.1151
2014-04-16,126.2883
2014-04-17,132.3861
2014-04-21,132.9871
2014-04-22,133.2935
2014-04-23,130.4238
2014-04-24,130.4556
2014-04-25,129.7273
2014-04-28,129.3054
2014-04-29,129.4008
2014-04-30,126.0249
2014-05-01,123.6353
2014-05-02,122.0929
2014-05-05,123.5322
2014-05-06,122.3037
2014-05-07,121.842
2014-05-08,119.838
2014-05-09,122.0842
2014-05-12,124.5097
2014-05-13,121.2413
2014-05-14,115.969
2014-05-15,112.7364
2014-05-16,114.2474
2014-05-19,116.4219
2014-05-20,113.6108
2014-05-21,115.7539
2014-05-22,117.1258
2014-05-23,115.9646
2014-05-27,113.7184
2014-05-28,108.0365
2014-05-29,108.8331
2014-05-30,109.4955
2014-06-02,114.6054
2014-06-03,120.3698
2014-06-04,122.1914
2014-06-05,121.0716
2014-06-06,120.4171
2014-06-09,120.354
2014-06-10,121.0637
2014-06-11,121.0164
2014-06-12,116.4112
2014-06-13,116.2141
2014-06-16,114.0771
2014-06-17,117.7045
2014-06-18,113.7617
2014-06-19,114.4398
2014-06-20,115.465
2014-06-23,115.8514
2014-06-24,111.9559
2014-06-25,111.5852
2014-06-26,109.8267
2014-06-27,110.008
2014-06-30,109.7504
2014-07-01,112.5067
2014-07-02,116.1904
2014-07-03,115.3663
2014-07-07,112.7131
2014-07-08,108.7462
2014-07-09,106.4278
2014-07-10,108.2049
2014-07-11,108.7459
2014-07-14,110.4976
2014-07-15,109.39
2014-07-16,108.0506
2014-07-17,104.1866
2014-07-18,104.8306
2014-07-21,103.1048
2014-07-22,102.7956
2014-07-23,103.7487
2014-07-24,106.7626
2014-07-25,103.6457
2014-07-28,105.7322
2014-07-29,102.8214
2014-07-30,109.5962
2014-07-31,112.9075
2014-08-01,110.6282
2014-08-04,108.9819
2014-08-05,108.3913
2014-08-06,107.7205
2014-08-07,104.0888
2014-08-08,103.0866
2014-08-11,103.3191
2014-08-12,104.9386
2014-08-13,102.3624
2014-08-14,100.6895
2014-08-15,96.9321
2014-08-18,100.2512
2014-08-19,101.3335
2014-08-20,101.01
2014-08-21,100.1602
2014-08-22,100.267
2014-08-25,98.2894
2014-08-26,98.415
2014-08-27,96.8944
2014-08-28,96.0242
2014-08-29,98.3724
2014-09-02,101.1871
2014-09-03,101.9581
2014-09-04,103.6413
2014-09-05,105.7172
2014-09-08,104.8154
2014-09-09,105.5614
2014-09-10,106.6223
2014-09-11,106.4207
2014-09-12,113.0726
2014-09-15,112.3972
2014-09-16,113.5183
2014-09-17,113.8082
2014-09-18,116.6831
2014-09-19,113.2564
2014-09-22,112.712
2014-09-23,111.0288
2014-09-24,112.712
2014-09-25,108.9777
2014-09-26,110.6963
2014-09-29,107.2342
2014-09-30,108.0591
2014-10-01,103.4445
2014-10-02,105.2682
2014-10-03,104.373
2014-10-06,104.8428
2014-10-07,99.5715
2014-10-08,100.5758
2014-10-09,100.55
2014-10-10,100.6979
2014-10-14,96.2701
2014-10-15,89.6191
2014-10-16,92.3453
2014-10-17,94.0599
2014-10-20,94.5685
2014-10-21,96.1795
2014-10-22,97.6296
2014-10-23,100.8903
2014-10-24,101.4637
2014-10-27,101.6117
2014-10-28,103.6222
2014-10-29,103.8293
2014-10-30,102.0185
2014-10-31,103.8903
2014-11-03,103.5589
2014-11-04,103.3586
2014-11-05,102.2088
2014-11-06,103.4797
2014-11-07,100.0848
2014-11-10,101.6425
2014-11-12,100.8414
2014-11-13,101.1382
2014-11-14,99.6843
2014-11-17,102.8716
2014-11-18,101.0517
2014-11-19,103.1065
2014-11-20,102.8197
2014-11-21,101.9839
2014-11-24,101.5488
2014-11-25,99.2418
2014-11-26,97.2539
2014-11-28,95.586
2014-12-01,97.1739
2014-12-02,100.2978
2014-12-03,98.4062
2014-12-04,97.162
2014-12-05,93.5785
2014-12-08,89.9924
2014-12-09,87.147
2014-12-10,86.1665
2014-12-11,85.8761
2014-12-12,83.4795
2014-12-15,83.7979
2014-12-16,82.2886
2014-12-17,86.0346
2014-12-18,89.3037
2014-12-19,86.1679
2014-12-22,84.2229
2014-12-23,90.4694
2014-12-24,90.2975
2014-12-26,89.5036
2014-12-29,87.8091
2014-12-30,86.9618
2014-12-31,85.2876
2015-01-02,81.7913
2015-01-05,74.6688
2015-01-06,70.4561
2015-01-07,71.3595
2015-01-08,76.7898
2015-01-09,74.1969
2015-01-12,70.6279
2015-01-13,70.096
2015-01-14,68.8658
2015-01-15,66.016
2015-01-16,68.8114
2015-01-20,68.0378
2015-01-21,72.344
2015-01-22,74.0726
2015-01-23,70.0806
2015-01-26,69.6002
2015-01-27,69.1227
2015-01-28,62.4624
2015-01-29,64.9464
2015-01-30,61.7082
2015-02-02,61.5048
2015-02-03,68.8036
2015-02-04,68.4374
2015-02-05,69.43
2015-02-06,71.0646
2015-02-09,72.8141
2015-02-10,74.7914
2015-02-11,75.1739
2015-02-12,76.6876
2015-02-13,78.6486
2015-02-17,87.8923
2015-02-18,85.59
2015-02-19,88.5681
2015-02-20,88.6167
2015-02-23,85.2076
2015-02-24,82.1647
2015-02-25,80.944
2015-02-26,82.5901
2015-02-27,83.3022
2015-03-02,87.6157
2015-03-03,89.2808
2015-03-04,89.6308
2015-03-05,90.3429
2015-03-06,93.4313
2015-03-09,92.7136
2015-03-10,88.2733
2015-03-11,87.4769
2015-03-12,87.7787
2015-03-13,90.1318
2015-03-16,88.7381
2015-03-17,83.2236
2015-03-18,82.4279
2015-03-19,81.0158
2015-03-20,78.9044
2015-03-23,76.9134
2015-03-24,76.4309
2015-03-25,79.6285
2015-03-26,85.4506
2015-03-27,84.6967
2015-03-30,83.9605
2015-03-31,83.4703
2015-04-01,79.4529
2015-04-02,81.6442
2015-04-03,78.6915
2015-04-06,82.7193
2015-04-07,81.5818
2015-04-08,81.1957
2015-04-09,85.8078
2015-04-10,84.6599
2015-04-13,84.7957
2015-04-14,82.9488
2015-04-15,83.2933
2015-04-16,82.4378
2015-04-17,78.921
2015-04-20,79.787
2015-04-21,82.354
2015-04-22,86.7679
2015-04-23,84.7436
2015-04-24,84.6603
2015-04-27,84.8794
2015-04-28,88.2812
2015-04-29,93.0604
2015-04-30,92.9251
2015-05-01,98.1424
2015-05-04,99.1063
2015-05-05,100.7761
2015-05-06,103.3972
2015-05-07,100.4055
2015-05-08,100.9967
2015-05-11,109.416
2015-05-12,108.9705
2015-05-13,113.2092
2015-05-14,111.5145
2015-05-15,103.7884
2015-05-18,109.0308
2015-05-19,109.9344
2015-05-20,108.883
2015-05-21,103.9134
2015-05-22,105.2376
2015-05-26,98.8586
2015-05-27,99.3117
2015-05-28,100.8558
2015-05-29,99.4453
2015-06-01,103.8459
2015-06-02,109.7462
2015-06-03,117.4287
2015-06-04,113.2904
2015-06-05,117.5085
2015-06-08,118.8059
2015-06-09,118.6633
2015-06-10,122.4166
2015-06-11,114.7607
2015-06-12,115.3481
2015-06-15,114.5184
2015-06-16,112.5272
2015-06-17,113.433
2015-06-18,118.5037
2015-06-19,113.7315
2015-06-22,119.6651
2015-06-23,123.2093
2015-06-24,121.9947
2015-06-25,123.5677
2015-06-26,127.9216
2015-06-29,121.1251
2015-06-30,120.3635
2015-07-01,122.7131
2015-07-02,123.7392
2015-07-06,117.8563
2015-07-07,115.6179
2015-07-08,116.3087
2015-07-09,120.5876
2015-07-10,124.7494
2015-07-13,125.7595
2015-07-14,124.8765
2015-07-15,121.6583
2015-07-16,119.5918
2015-07-17,119.414
2015-07-20,118.9111
2015-07-21,117.2666
2015-07-22,113.5656
2015-07-23,111.7332
2015-07-24,111.8908
2015-07-27,110.2058
2015-07-28,111.4139
2015-07-29,111.8605
2015-07-30,108.7635
2015-07-31,107.4919
2015-08-03,103.7693
2015-08-04,103.8843
2015-08-05,109.1662
2015-08-06,107.7698
2015-08-07,100.0115
2015-08-10,105.8526
2015-08-11,101.4622
2015-08-12,102.782
2015-08-13,103.0726
2015-08-14,103.0982
2015-08-17,99.9476
2015-08-18,103.0791
2015-08-19,100.8392
2015-08-20,95.6147
2015-08-21,95.9279
2015-08-24,96.2028
2015-08-25,103.1463
2015-08-26,106.2394
2015-08-27,104.7056
2015-08-28,101.8627
2015-08-31,100.9032
2015-09-01,100.4592
2015-09-02,102.0694
2015-09-03,101.431
2015-09-04,97.2142
2015-09-08,99.6756
2015-09-09,98.0654
2015-09-10,102.0694
2015-09-11,100.0213
2015-09-14,98.2413
2015-09-15,101.9611
2015-09-16,101.998
2015-09-17,103.4237
2015-09-18,97.566
2015-09-21,101.6315
2015-09-22,97.7357
2015-09-23,99.5403
2015-09-24,99.9044
2015-09-25,101.5393
2015-09-28,96.2891
2015-09-29,94.241
2015-09-30,93.6622
2015-10-01,92.6772
2015-10-02,92.9873
2015-10-05,96.0079
2015-10-06,94.6035
2015-10-07,95.0272
2015-10-08,98.6135
2015-10-09,97.6285
2015-10-13,95.6104
2015-10-14,93.5485
2015-10-15,94.5904
2015-10-16,94.2104
2015-10-19,96.5779
2015-10-20,97.8141
2015-10-21,94.6254
2015-10-22,96.5822
2015-10-23,99.2097
2015-10-26,97.0235
2015-10-27,95.6016
2015-10-28,94.916
2015-10-29,100.1097
2015-10-30,97.5586
2015-11-02,99.114
2015-11-03,100.4754
2015-11-04,98.8925
2015-11-05,100.0668
2015-11-06,104.3484
2015-11-09,105.7235
2015-11-10,104.7552
2015-11-12,103.9638
2015-11-13,102.2127
2015-11-16,101.6307
2015-11-17,100.0616
2015-11-18,99.0744
2015-11-19,95.9362
2015-11-20,96.1267
2015-11-23,93.579
2015-11-24,93.5842
2015-11-25,92.9324
2015-11-27,91.7587
2015-11-30,90.9966
2015-12-01,87.61
2015-12-02,86.3001
2015-12-03,99.0974
2015-12-04,94.7701
2015-12-07,90.2405
2015-12-08,89.663
2015-12-09,89.598
2015-12-10,91.9846
2015-12-11,89.6997
2015-12-14,93.1277
2015-12-15,96.2824
2015-12-16,95.77
2015-12-17,89.121
2015-12-18,88.4726
2015-12-21,87.4905
2015-12-22,89.3056
2015-12-23,91.0794
2015-12-24,88.9187
2015-12-28,87.3532
2015-12-29,90.7576
2015-12-30,92.5076
2015-12-31,89.9197
2016-01-04,89.0929
2016-01-05,87.9068
2016-01-06,85.2588
2016-01-07,84.8215
2016-01-08,82.6229
2016-01-11,85.5523
2016-01-12,80.7897
2016-01-13,79.3819
2016-01-14,83.9048
2016-01-15,81.4485
2016-01-19,81.0712
2016-01-20,79.2259
2016-01-21,81.4066
2016-01-22,82.437
2016-01-25,80.6518
2016-01-26,80.0167
2016-01-27,80.5918
2016-01-28,79.9747
2016-01-29,78.3768
2016-02-01,79.4287
2016-02-02,74.4038
2016-02-03,77.335
2016-02-04,75.8387
2016-02-05,73.1096
2016-02-08,69.0751
2016-02-09,67.7005
2016-02-10,64.6074
2016-02-11,64.3841
2016-02-12,69.1969
2016-02-16,69.1466
2016-02-17,71.7551
2016-02-18,68.1662
2016-02-19,64.8107
2016-02-22,64.7705
2016-02-23,64.0323
2016-02-24,64.8408
2016-02-25,62.0976
2016-02-26,60.8827
2016-02-29,59.9254
2016-03-01,63.8786
2016-03-02,66.1939
2016-03-03,64.4543
2016-03-04,65.3543
2016-03-07,63.939
2016-03-08,60.7046
2016-03-09,63.7705
2016-03-10,65.4593
2016-03-11,65.596
2016-03-14,64.2316
2016-03-15,63.2426
2016-03-16,68.064
2016-03-17,65.5547
2016-03-18,65.0235
2016-03-21,66.3243
2016-03-22,67.4629
2016-03-23,65.2048
2016-03-24,65.3797
2016-03-28,63.8404
2016-03-29,66.3275
2016-03-30,69.2884
2016-03-31,66.5139
2016-04-01,64.6003
2016-04-04,63.9886
2016-04-05,61.7964
2016-04-06,61.6298
2016-04-07,58.4337
2016-04-08,60.02
2016-04-11,60.02
2016-04-12,62.622
2016-04-13,60.8691
2016-04-14,63.62
2016-04-15,62.6043
2016-04-18,63.2102
2016-04-19,63.8161
2016-04-20,66.4416
2016-04-21,67.4338
2016-04-22,69.5847
2016-04-25,69.6024
2016-04-26,69.8338
2016-04-27,64.5045
2016-04-28,67.3689
2016-04-29,67.5705
2016-05-02,70.1162
2016-05-03,66.2014
2016-05-04,65.6164
2016-05-05,64.2499
2016-05-06,65.2263
2016-05-09,64.6464
2016-05-10,63.6609
2016-05-11,61.3024
2016-05-12,61.6832
2016-05-13,57.7593
2016-05-16,59.5132
2016-05-17,57.3419
2016-05-18,61.6324
2016-05-19,60.6599
2016-05-20,59.4793
2016-05-23,58.1024
2016-05-24,59.2765
2016-05-25,61.2424
2016-05-26,60.6036
2016-05-27,59.8113
2016-05-31,59.9999
2016-06-01,58.5854
2016-06-02,56.181
2016-06-03,55.8163
2016-06-06,55.3919
2016-06-07,56.0049
2016-06-08,56.9596
2016-06-09,56.6415
2016-06-10,55.2509
2016-06-13,54.7559
2016-06-14,54.1784
2016-06-15,55.2629
2016-06-16,52.8114
2016-06-17,56.3472
2016-06-20,57.7497
2016-06-21,59.0343
2016-06-22,59.4587
2016-06-23,61.2028
2016-06-24,57.1255
2016-06-27,50.8553
2016-06-28,50.4546
2016-06-29,51.1617
2016-06-30,55.6129
2016-07-01,52.9429
2016-07-05,47.3516
2016-07-06,46.7717
2016-07-07,45.8029
2016-07-08,42.557
2016-07-11,45.7417
2016-07-12,49.7121
2016-07-13,47.622
2016-07-14,50.3909
2016-07-15,52.5038
2016-07-18,51.8517
2016-07-19,49.8645
2016-07-20,50.4366
2016-07-21,50.6503
2016-07-22,49.9675
2016-07-25,47.9497
2016-07-26,47.2174
2016-07-27,46.203
2016-07-28,46.4128
2016-07-29,46.4824
2016-08-01,47.5021
2016-08-02,50.8317
2016-08-03,50.0787
2016-08-04,48.3567
2016-08-05,50.2268
2016-08-08,51.3311
2016-08-09,49.3743
2016-08-10,47.8533
2016-08-11,49.7911
2016-08-12,48.3208
2016-08-15,49.7086
2016-08-16,49.9583
2016-08-17,49.055
2016-08-18,48.6213
2016-08-19,50.1254
2016-08-22,47.0305
2016-08-23,46.6117
2016-08-24,46.2267
2016-08-25,46.5272
2016-08-26,48.465
2016-08-29,46.0188
2016-08-30,47.1399
2016-08-31,47.9203
2016-09-01,47.5351
2016-09-02,48.8733
2016-09-06,47.2099
2016-09-07,46.8197
2016-09-08,50.4241
2016-09-09,52.9029
2016-09-12,53.9009
2016-09-13,56.7449
2016-09-14,56.6222
2016-09-15,57.9904
2016-09-16,53.8859
2016-09-19,54.0835
2016-09-20,52.7303
2016-09-21,50.014
2016-09-22,48.6907
2016-09-23,49.3035
2016-09-26,48.1779
2016-09-27,47.0423
2016-09-28,47.0272
2016-09-29,46.4594
2016-09-30,49.3014
2016-10-03,47.1275
2016-10-04,50.3531
2016-10-05,51.4689
2016-10-06,53.5612
2016-10-07,52.2186
2016-10-11,51.6024
2016-10-12,51.7825
2016-10-13,51.0736
2016-10-14,55.1014
2016-10-17,53.3986
2016-10-18,52.8465
2016-10-19,54.009
2016-10-20,52.6488
2016-10-21,51.8816
2016-10-24,52.8232
2016-10-25,52.0443
2016-10-26,53.753
2016-10-27,57.3739
2016-10-28,59.3269
2016-10-31,59.5133
2016-11-01,59.3042
2016-11-02,57.9286
2016-11-03,59.0895
2016-11-04,58.6827
2016-11-07,61.4281
2016-11-08,61.4593
2016-11-09,76.6832
2016-11-10,81.7559
2016-11-14,84.9337
2016-11-15,86.3092
2016-11-16,86.1115
2016-11-17,88.2751
2016-11-18,91.9978
2016-11-21,90.6449
2016-11-22,89.4699
2016-11-23,89.888
2016-11-25,92.2238
2016-11-28,88.9606
2016-11-29,88.8203
2016-11-30,94.6213
2016-12-01,97.6363
2016-12-02,96.8092
2016-12-05,94.841
2016-12-06,94.841
2016-12-07,92.3112
2016-12-08,95.9913
2016-12-09,100.172
2016-12-12,100.5809
2016-12-13,99.2413
2016-12-14,97.3283
2016-12-15,100.5172
2016-12-16,101.7439
2016-12-19,99.1683
2016-12-20,100.6148
2016-12-21,99.5467
2016-12-22,99.1683
2016-12-23,98.3353
2016-12-27,99.5925
2016-12-28,97.017
2016-12-29,97.4623
2016-12-30,94.4868
2017-01-03,92.8206
2017-01-04,92.0321
2017-01-05,88.4269
2017-01-06,90.0716
2017-01-09,88.2592
2017-01-10,88.4661
2017-01-11,88.2395
2017-01-12,86.8107
2017-01-13,87.8649
2017-01-17,86.2006
2017-01-18,89.4811
2017-01-19,93.5698
2017-01-20,96.4973
2017-01-23,93.3648
2017-01-24,96.103
2017-01-25,99.5121
2017-01-26,99.414
2017-01-27,97.9066
2017-01-30,97.2858
2017-01-31,94.7706
2017-02-01,96.6256
2017-02-02,96.3985
2017-02-03,96.8526
2017-02-06,93.6738
2017-02-07,90.6241
2017-02-08,89.2828
2017-02-09,91.9236
2017-02-10,92.2136
2017-02-13,93.9043
2017-02-14,95.1234
2017-02-15,96.2796
2017-02-16,94.1942
2017-02-17,93.6353
2017-02-21,93.6353
2017-02-22,93.9847
2017-02-23,93.4049
2017-02-24,91.387
2017-02-27,91.9761
2017-02-28,91.7855
2017-03-01,95.1158
2017-03-02,94.421
2017-03-03,94.9792
2017-03-06,94.3806
2017-03-07,94.244
2017-03-08,95.5626
2017-03-09,98.4596
2017-03-10,97.5895
2017-03-13,98.8677
2017-03-14,97.4529
2017-03-15,93.728
2017-03-16,94.3806
2017-03-17,93.1294
2017-03-20,92.2323
2017-03-21,90.9272
2017-03-22,90.8193
2017-03-23,92.8462
2017-03-24,92.3977
2017-03-27,90.5613
2017-03-28,91.8799
2017-03-29,91.7855
2017-03-30,94.057
2017-03-31,93.1625
2017-04-03,89.3817
2017-04-04,88.5909
2017-04-05,88.3858
2017-04-06,87.7557
2017-04-07,87.9037
2017-04-10,87.8593
2017-04-11,85.0153
2017-04-12,85.2204
2017-04-13,80.3845
2017-04-17,83.0361
2017-04-18,78.991
2017-04-19,82.0676
2017-04-20,84.0024
2017-04-21,84.1483
2017-04-24,82.8902
2017-04-25,84.0637
2017-04-26,83.5943
2017-04-27,84.1504
2017-04-28,81.9641
2017-05-01,83.6523
2017-05-02,82.9478
2017-05-03,81.8563
2017-05-04,84.779
2017-05-05,83.7794
2017-05-08,85.0297
2017-05-09,85.7343
2017-05-10,85.9374
2017-05-11,85.6867
2017-05-12,84.4329
2017-05-15,83.8554
2017-05-16,82.6369
2017-05-17,77.1183
2017-05-18,76.9946
2017-05-19,77.8229
2017-05-22,78.6352
2017-05-23,78.9654
2017-05-24,78.667
2017-05-25,77.2454
2017-05-26,76.3241
2017-05-30,74.5004
2017-05-31,73.083
2017-06-01,72.119
2017-06-02,67.4636
2017-06-05,68.0969
2017-06-06,65.8519
2017-06-07,66.8954
2017-06-08,66.7156
2017-06-09,65.9314
2017-06-12,65.5574
2017-06-13,65.3487
2017-06-14,61.0674
2017-06-15,61.9238
2017-06-16,62.8878
2017-06-19,63.1543
2017-06-20,61.305
2017-06-21,61.5209
2017-06-22,62.708
2017-06-23,62.6935
2017-06-26,62.8805
2017-06-27,66.5575
2017-06-28,69.1476
2017-06-29,72.2058
2017-06-30,73.446
2017-07-03,74.9106
2017-07-05,73.5046
2017-07-06,77.3092
2017-07-07,78.721
2017-07-10,77.6875
2017-07-11,78.4616
2017-07-12,77.2096
2017-07-13,77.428
2017-07-14,74.4093
2017-07-17,74.1967
2017-07-18,70.3687
2017-07-19,70.7763
2017-07-20,70.5755
2017-07-21,68.9452
2017-07-24,69.3703
2017-07-25,74.031
2017-07-26,73.1573
2017-07-27,75.1717
2017-07-28,74.3566
2017-07-31,74.7707
2017-08-01,71.1232
2017-08-02,70.7772
2017-08-03,69.9036
2017-08-04,71.5713
2017-08-07,71.1459
2017-08-08,71.9854
2017-08-09,70.4963
2017-08-10,67.677
2017-08-11,68.7605
2017-08-14,69.4441
2017-08-15,71.3473
2017-08-16,69.064
2017-08-17,67.6203
2017-08-18,66.8261
2017-08-21,67.1835
2017-08-22,68.8513
2017-08-23,66.1766
2017-08-24,66.8488
2017-08-25,64.4323
2017-08-28,63.9955
2017-08-29,63.7298
2017-08-30,63.969
2017-08-31,62.1775
2017-09-01,63.7754
2017-09-05,60.5753
2017-09-06,63.1657
2017-09-07,60.9689
2017-09-08,61.9614
2017-09-11,63.5657
2017-09-12,66.1572
2017-09-13,66.5604
2017-09-14,65.1733
2017-09-15,63.9862
2017-09-18,65.7798
2017-09-19,65.783
2017-09-20,65.9938
2017-09-21,65.2002
2017-09-22,64.6013
2017-09-25,62.8045
2017-09-26,62.0131
2017-09-27,66.7938
2017-09-28,68.1788
2017-09-29,68.0224
2017-10-02,67.6363
2017-10-03,67.0264
2017-10-04,66.6291
2017-10-05,67.256
2017-10-06,67.6757
2017-10-10,65.4485
2017-10-11,64.2623
2017-10-12,62.6451
2017-10-13,59.8079
2017-10-16,59.064
2017-10-17,58.8626
2017-10-18,61.4983
2017-10-19,61.4758
2017-10-20,65.13
2017-10-23,65.9077
2017-10-24,67.5306
2017-10-25,69.5676
2017-10-26,69.383
2017-10-27,68.5491
2017-10-30,65.0963
2017-10-31,64.135
2017-11-01,62.1691
2017-11-02,60.3086
2017-11-03,58.9195
2017-11-06,56.6744
2017-11-07,55.4667
2017-11-08,56.5148
2017-11-09,58.9086
2017-11-10,62.4374
2017-11-13,61.0808
2017-11-14,58.8684
2017-11-15,55.597
2017-11-16,55.6621
2017-11-17,54.2621
2017-11-20,54.7335
2017-11-21,52.7567
2017-11-22,52.4124
2017-11-24,52.2636
2017-11-27,51.4186
2017-11-28,52.3954
2017-11-29,55.1216
2017-11-30,57.3787
2017-12-01,53.3278
2017-12-04,52.3509
2017-12-05,49.138
2017-12-06,48.3042
2017-12-07,51.5466
2017-12-08,52.9488
2017-12-11,50.5486
2017-12-12,51.5677
2017-12-13,50.5023
2017-12-14,47.9084
2017-12-15,47.3273
2017-12-18,50.9529
2017-12-19,55.227
2017-12-20,57.4588
2017-12-21,55.0502
2017-12-22,54.4565
2017-12-26,52.4352
2017-12-27,50.5866
2017-12-28,50.8056
2017-12-29,49.7615
2018-01-02,50.8395
2018-01-03,48.8193
2018-01-04,47.4431
2018-01-05,49.077
2018-01-08,49.8837
2018-01-09,55.5785
2018-01-10,55.7886
2018-01-11,53.7616
2018-01-12,53.4024
2018-01-16,51.5923
2018-01-17,52.6635
2018-01-18,55.7075
2018-01-19,56.7447
2018-01-22,58.3854
2018-01-23,56.5142
2018-01-24,57.3617
2018-01-25,53.911
2018-01-26,55.5923
2018-01-29,58.8465
2018-01-30,61.0837
2018-01-31,59.5105
2018-02-01,62.6856
2018-02-02,69.5259
2018-02-05,69.6755
2018-02-06,65.5651
2018-02-07,68.3986
2018-02-08,69.8528
2018-02-09,72.5246
2018-02-12,72.2569
2018-02-13,69.6007
2018-02-14,71.7215
2018-02-15,69.6589
2018-02-16,68.7984
2018-02-20,67.6407
2018-02-21,70.5785
2018-02-22,69.6737
2018-02-23,66.7211
2018-02-26,66.5432
2018-02-27,68.897
2018-02-28,65.483
2018-03-01,63.8506
2018-03-02,66.3855
2018-03-05,67.7127
2018-03-06,67.3094
2018-03-07,66.5029
2018-03-08,64.5826
2018-03-09,66.0996
2018-03-12,64.5591
2018-03-13,63.2554
2018-03-14,61.478
2018-03-15,59.6985
2018-03-16,61.0257
2018-03-19,60.7888
2018-03-20,61.6167
2018-03-21,65.1502
2018-03-22,59.8884
2018-03-23,60.6245
2018-03-26,60.5285
2018-03-27,58.99
2018-03-28,56.5704
2018-03-29,54.2126
2018-04-02,56.1462
2018-04-03,57.4136
2018-04-04,57.2222
2018-04-05,59.1971
2018-04-06,57.1059
2018-04-09,56.9726
2018-04-10,56.8588
2018-04-11,56.207
2018-04-12,57.2441
2018-04-13,55.0222
2018-04-16,55.233
2018-04-17,53.5659
2018-04-18,55.2355
2018-04-19,59.0496
2018-04-20,61.2353
2018-04-23,63.3822
2018-04-24,64.9911
2018-04-25,67.1575
2018-04-26,63.9953
2018-04-27,62.27
2018-04-30,60.1553
2018-05-01,61.1599
2018-05-02,61.2498
2018-05-03,60.5087
2018-05-04,58.2793
2018-05-07,58.8964
2018-05-08,59.6375
2018-05-09,61.0452
2018-05-10,58.5274
2018-05-11,58.7166
2018-05-14,60.453
2018-05-15,66.0002
2018-05-16,66.0498
2018-05-17,67.6869
2018-05-18,65.6126
2018-05-21,64.4033
2018-05-22,64.3785
2018-05-23,62.9614
2018-05-24,63.4792
2018-05-25,61.7831
2018-05-29,60.5489
2018-05-30,59.1723
2018-05-31,56.4306
2018-06-01,57.697
2018-06-04,57.1507
2018-06-05,56.3869
2018-06-06,59.3447
2018-06-07,56.6735
2018-06-08,57.8891
2018-06-11,56.7936
2018-06-12,56.8176
2018-06-13,55.3649
2018-06-14,53.1469
2018-06-15,52.6217
2018-06-18,53.4321
2018-06-19,51.2141
2018-06-20,53.2175
2018-06-21,51.8099
2018-06-22,51.4287
2018-06-25,51.0701
2018-06-26,51.0941
2018-06-27,49.781
2018-06-28,50.1397
2018-06-29,49.3277
2018-07-02,48.7859
2018-07-03,47.2208
2018-07-05,44.8232
2018-07-06,45.9835
2018-07-09,46.9301
2018-07-10,45.5763
2018-07-11,44.0112
2018-07-12,43.6628
2018-07-13,42.9289
2018-07-16,43.0442
2018-07-17,42.464
2018-07-18,43.3145
2018-07-19,42.5613
2018-07-20,46.0015
2018-07-23,49.5571
2018-07-24,48.494
2018-07-25,46.4063
2018-07-26,47.8165
2018-07-27,46.9469
2018-07-30,48.2033
2018-07-31,47.9666
2018-08-01,50.1795
2018-08-02,50.4764
2018-08-03,48.6488
2018-08-06,46.1168
2018-08-07,48.1371
2018-08-08,47.3005
2018-08-09,47.1461
2018-08-10,43.8318
2018-08-13,43.5128
2018-08-14,43.8157
2018-08-15,42.1585
2018-08-16,42.4835
2018-08-17,43.1055
2018-08-20,41.2116
2018-08-21,41.5366
2018-08-22,39.9898
2018-08-23,39.6045
2018-08-24,39.0488
2018-08-27,40.1883
2018-08-28,42.4012
2018-08-29,40.3006
2018-08-30,40.6471
2018-08-31,41.5775
2018-09-04,43.4884
2018-09-05,43.8707
2018-09-06,42.4694
2018-09-07,42.9018
2018-09-10,41.8696
2018-09-11,42.7483
2018-09-12,41.6399
2018-09-13,41.0409
2018-09-14,41.6522
2018-09-17,42.302
2018-09-18,45.2196
2018-09-19,46.8376
2018-09-20,46.4044
2018-09-21,47.3602
2018-09-24,48.01
2018-09-25,48.3538
2018-09-26,46.086
2018-09-27,45.0539
2018-09-28,45.845
2018-10-01,46.9442
2018-10-02,46.229
2018-10-03,50.4042
2018-10-04,52.0266
2018-10-05,53.7946
2018-10-09,52.6722
2018-10-10,54.3473
2018-10-11,49.5962
2018-10-12,50.2417
2018-10-15,50.7882
2018-10-16,49.5202
2018-10-17,50.2586
2018-10-18,49.7818
2018-10-19,49.1067
2018-10-22,49.2755
2018-10-23,48.4675
2018-10-24,47.5898
2018-10-25,47.6594
2018-10-26,46.8809
2018-10-29,47.5497
2018-10-30,47.0666
2018-10-31,48.5209
2018-11-01,48.6332
2018-11-02,49.8014
2018-11-05,48.9209
2018-11-06,48.8086
2018-11-07,47.7953
2018-11-08,48.543
2018-11-09,47.4981
2018-11-13,45.8081
2018-11-14,46.2682
2018-11-15,45.8177
2018-11-16,46.0011
2018-11-19,47.3417
2018-11-20,45.0589
2018-11-21,44.5166
2018-11-23,44.2811
2018-11-26,44.5783
2018-11-27,43.0733
2018-11-28,43.9328
2018-11-29,42.95
2018-11-30,41.3627
2018-12-03,36.4961
2018-12-04,33.7838
2018-12-06,34.3847
2018-12-07,35.6853
2018-12-10,35.7531
2018-12-11,35.8025
2018-12-12,36.8258
2018-12-13,37.2357
2018-12-14,37.476
2018-12-17,37.8026
2018-12-18,40.2466
2018-12-19,36.2183
2018-12-20,35.3122
2018-12-21,38.6254
2018-12-24,40.678
2018-12-26,43.5444
2018-12-27,42.182
2018-12-28,41.6703
2018-12-31,39.9547
2019-01-02,35.9191
2019-01-03,35.2416
2019-01-04,36.4608
2019-01-07,35.3992
2019-01-08,32.9279
2019-01-09,35.4226
2019-01-10,35.4226
2019-01-11,33.8162
2019-01-14,35.2915
2019-01-15,35.7036
2019-01-16,36.6591
2019-01-17,37.4193
2019-01-18,37.0415
2019-01-22,35.3149
2019-01-23,36.2703
2019-01-24,34.3704
2019-01-25,35.229
2019-01-28,34.5453
2019-01-29,33.3182
2019-01-30,34.1956
2019-01-31,34.0806
2019-02-01,36.2691
2019-02-04,36.8238
2019-02-05,35.4991
2019-02-06,34.4729
2019-02-07,33.8016
2019-02-08,33.9411
2019-02-11,34.3139
2019-02-12,35.0399
2019-02-13,33.959
2019-02-14,32.454
2019-02-15,31.9295
2019-02-19,31.6098
2019-02-20,31.8553
2019-02-21,32.4312
2019-02-22,33.0846
2019-02-25,32.7526
2019-02-26,30.6518
2019-02-27,33.5892
2019-02-28,34.0051
2019-03-01,32.9503
2019-03-04,31.4856
2019-03-05,30.2273
2019-03-06,29.6027
2019-03-07,28.5622
2019-03-08,28.1445
2019-03-11,28.5619
2019-03-12,28.7756
2019-03-13,29.1949
2019-03-14,29.8216
2019-03-15,28.5674
2019-03-18,28.5653
2019-03-19,28.1445
2019-03-20,27.5259
2019-03-21,26.8958
2019-03-22,27.5363
2019-03-25,31.1072
2019-03-26,29.6402
2019-03-27,30.2741
2019-03-28,30.4808
2019-03-29,28.4848
2019-04-01,31.0702
2019-04-02,30.8336
2019-04-03,31.9132
2019-04-04,30.0565
2019-04-05,28.6103
2019-04-08,29.2543
2019-04-09,28.1904
2019-04-10,27.7485
2019-04-11,27.5903
2019-04-12,29.3265
2019-04-15,28.493
2019-04-16,30.4061
2019-04-17,31.4261
2019-04-18,29.3171
2019-04-22,31.8209
2019-04-23,31.9885
2019-04-24,30.6754
2019-04-25,31.3194
2019-04-26,31.6734
2019-04-29,33.9782
2019-04-30,33.5443
2019-05-01,30.6676
2019-05-02,31.5297
2019-05-03,29.865
2019-05-06,29.0145
2019-05-07,26.9172
2019-05-08,29.209
2019-05-09,28.775
2019-05-10,30.2177
2019-05-13,30.3832
2019-05-14,30.1858
2019-05-15,28.7112
2019-05-16,27.91
2019-05-17,27.0798
2019-05-20,27.5108
2019-05-21,25.8751
2019-05-22,24.4048
2019-05-23,24.1277
2019-05-24,23.5384
2019-05-28,21.6371
2019-05-29,22.4397
2019-05-30,21.8843
2019-05-31,26.7545
2019-06-03,30.5036
2019-06-04,31.4159
2019-06-05,33.5108
2019-06-06,29.3272
2019-06-07,28.1882
2019-06-10,28.4205
2019-06-11,26.1481
2019-06-12,26.8466
2019-06-13,28.4517
2019-06-14,26.3446
2019-06-17,24.2743
2019-06-18,21.8428
2019-06-19,28.2316
2019-06-20,28.5197
2019-06-21,29.7626
2019-06-24,29.5119
2019-06-25,27.7112
2019-06-26,26.8777
2019-06-27,25.9715
2019-06-28,24.5574
2019-07-01,23.2593
2019-07-02,19.9303
2019-07-03,18.3348
2019-07-05,16.2872
2019-07-08,15.4829
2019-07-09,15.6294
2019-07-10,21.3601
2019-07-11,23.6727
2019-07-12,23.7076
2019-07-15,23.3185
2019-07-16,23.2487
2019-07-17,20.3219
2019-07-18,22.8396
2019-07-19,20.1667
2019-07-22,19.5743
2019-07-23,19.9154
2019-07-24,18.3329
2019-07-25,17.6577
2019-07-26,16.6239
2019-07-29,15.6731
2019-07-30,17.0654
2019-07-31,11.365
2019-08-01,12.1957
2019-08-02,9.5943
2019-08-05,11.1494
2019-08-06,9.6918
2019-08-07,8.5949
2019-08-08,6.8807
2019-08-09,7.4161
2019-08-12,3.3504
2019-08-13,0.714
2019-08-14,0.534
2019-08-15,1.9069
2019-08-16,3.9416
2019-08-19,3.9848
2019-08-20,2.6521
2019-08-21,0.1302
2019-08-22,-1.3795
2019-08-23,-2.1834
2019-08-26,-3.0587
2019-08-27,-5.8022
2019-08-28,-6.6837
2019-08-29,-5.0431
2019-08-30,-3.7237
2019-09-03,-4.1758
2019-09-04,-2.7993
2019-09-05,-3.4915
2019-09-06,-3.0089
2019-09-09,-2.2452
2019-09-10,-3.2978
2019-09-11,-1.0579
2019-09-12,-1.8967
2019-09-13,-0.007
2019-09-16,-0.5935
2019-09-17,0.4287
2019-09-18,-1.3225
2019-09-19,-1.7542
2019-09-20,-2.2857
2019-09-23,-3.5747
2019-09-24,-2.9904
2019-09-25,-2.2491
2019-09-26,-3.8008
2019-09-27,-2.8784
2019-09-30,-2.7328
2019-10-01,-0.4503
2019-10-02,-0.0944
2019-10-03,2.1802
2019-10-04,-1.3589
2019-10-07,-3.4728
2019-10-08,-1.3051
2019-10-09,-2.0211
2019-10-10,-1.2278
2019-10-11,-0.0093
2019-10-15,0.3164
2019-10-16,1.2891
2019-10-17,1.0287
2019-10-18,2.3385
2019-10-21,3.664
2019-10-22,2.9898
2019-10-23,2.2122
2019-10-24,2.2007
2019-10-25,1.1592
2019-10-28,3.3196
2019-10-29,2.182
2019-10-30,0.7187
2019-10-31,0.0478
2019-11-01,-0.5516
2019-11-04,1.1905
2019-11-05,5.4356
2019-11-06,2.8562
2019-11-07,7.3178
2019-11-08,8.5418
2019-11-12,8.2295
2019-11-13,6.2303
2019-11-14,4.0908
2019-11-15,4.7685
2019-11-18,4.2842
2019-11-19,2.3187
2019-11-20,0.7274
2019-11-21,1.5347
2019-11-22,-0.7305
2019-11-25,-0.4839
2019-11-26,-1.1829
2019-11-27,-2.9382
2019-11-29,1.2687
2019-12-02,4.3657
2019-12-03,-0.6087
2019-12-04,0.9124
2019-12-05,2.2554
2019-12-06,3.1187
2019-12-09,1.5428
2019-12-10,-0.5538
2019-12-11,-1.0609
2019-12-12,3.5025
2019-12-13,1.5976
2019-12-16,4.3521
2019-12-17,4.7906
2019-12-18,7.4217
2019-12-19,7.545
2019-12-20,6.8735
2019-12-23,6.531
2019-12-24,5.9006
2019-12-26,4.9276
2019-12-27,5.5854
2019-12-30,7.9424
2019-12-31,10.5214
2020-01-02,6.7792
2020-01-03,2.7792
2020-01-06,2.6909
2020-01-07,3.6504
2020-01-08,4.6272
2020-01-09,3.6873
2020-01-10,1.7683
2020-01-13,2.0776
2020-01-14,0.1782
2020-01-15,-0.7126
2020-01-16,0.799
2020-01-17,1.545
2020-01-21,-0.9728
2020-01-22,0.026
2020-01-23,-1.8636
2020-01-24,-4.1973
2020-01-27,-7.0734
2020-01-28,-6.639
2020-01-29,-7.606
2020-01-30,-9.0489
2020-01-31,-7.1389
2020-02-03,-9.4367
2020-02-04,-7.3703
2020-02-05,-5.6266
2020-02-06,-6.6285
2020-02-07,-8.0261
2020-02-10,-9.2129
2020-02-11,-8.4971
2020-02-12,-7.3364
2020-02-13,-8.6923
2020-02-14,-9.7281
2020-02-18,-10.7639
2020-02-19,-11.2739
2020-02-20,-12.3956
2020-02-21,-13.0593
2020-02-24,-14.4258
2020-02-25,-13.6296
2020-02-26,-11.9719
2020-02-27,-9.5127
2020-02-28,-6.276
2020-03-02,-5.9198
2020-03-03,-6.5029
2020-03-04,-1.9916
2020-03-05,-2.8861
2020-03-06,-9.2224
2020-03-09,-8.3136
2020-03-10,-0.9898
2020-03-11,8.5228
2020-03-12,14.474
2020-03-13,27.1161
2020-03-16,5.0355
2020-03-17,15.3598
2020-03-18,35.8953
2020-03-19,34.3867
2020-03-20,19.8505
2020-03-23,8.9222
2020-03-24,10.2089
2020-03-25,14.1609
2020-03-26,11.5028
2020-03-27,4.3147
2020-03-30,-1.0153
2020-03-31,-0.1851
2020-04-01,-4.5889
2020-04-02,-2.1293
2020-04-03,-4.613
2020-04-06,-1.0883
2020-04-07,2.1045
2020-04-08,5.5848
2020-04-09,4.2601
2020-04-13,4.4641
2020-04-14,4.6199
2020-04-15,-3.807
2020-04-16,-4.5092
2020-04-17,-1.7349
2020-04-20,-4.4505
2020-04-21,-7.8856
2020-04-22,-4.3225
2020-04-23,-4.7515
2020-04-24,-5.4364
2020-04-27,-1.7973
2020-04-28,-4.3571
2020-04-29,-2.8315
2020-04-30,-3.3131
2020-05-01,-3.1377
2020-05-04,-2.2406
2020-05-05,-1.7772
2020-05-06,2.5858
2020-05-07,-0.8735
2020-05-08,0.8926
2020-05-11,1.889
2020-05-12,-1.274
2020-05-13,-3.1311
2020-05-14,-3.8792
2020-05-15,-3.0036
2020-05-18,2.0495
2020-05-19,0.1925
2020-05-20,-0.9314
2020-05-21,-1.1466
2020-05-22,-2.0221
2020-05-26,-0.8801
2020-05-27,-2.9181
2020-05-28,-0.767
2020-05-29,-3.2694
2020-06-01,-3.3215
2020-06-02,-2.9044
2020-06-03,0.8783
2020-06-04,5.9582
2020-06-05,11.2816
2020-06-08,8.1595
2020-06-09,5.8714
2020-06-10,0.4205
2020-06-11,-6.4377
2020-06-12,-3.4372
2020-06-15,-3.2403
2020-06-16,-1.404
2020-06-17,-2.8058
2020-06-18,-5.3023
2020-06-19,-3.9759
2020-06-22,-3.4719
2020-06-23,-3.8137
2020-06-24,-5.0533
2020-06-25,-4.8216
2020-06-26,-6.6405
2020-06-29,-7.1098
2020-06-30,-4.9275
2020-07-01,-4.1795
2020-07-02,-4.814
2020-07-06,-4.1467
2020-07-07,-6.6544
2020-07-08,-5.4977
2020-07-09,-8.6891
2020-07-10,-5.8559
2020-07-13,-6.4425
2020-07-14,-8.1845
2020-07-15,-7.2889
2020-07-16,-8.1189
2020-07-17,-6.6859
2020-07-20,-7.6307
2020-07-21,-8.0861
2020-07-22,-9.21
2020-07-23,-10.122
2020-07-24,-9.3891
2020-07-27,-8.7219
2020-07-28,-10.2355
2020-07-29,-9.5997
2020-07-30,-12.0582
2020-07-31,-11.4031
2020-08-03,-10.7753
2020-08-04,-14.8437
2020-08-05,-12.5762
2020-08-06,-13.2726
2020-08-07,-12.1268
2020-08-10,-11.6259
2020-08-11,-7.6191
2020-08-12,-6.9056
2020-08-13,-4.7993
2020-08-14,-5.2145
2020-08-17,-7.7289
2020-08-18,-7.6604
2020-08-19,-7.2865
2020-08-20,-9.427
2020-08-21,-9.6225
2020-08-24,-9.8695
2020-08-25,-7.355
2020-08-26,-7.7461
2020-08-27,-4.7342
2020-08-28,-4.8281
2020-08-31,-6.618
2020-09-01,-8.9622
2020-09-02,-10.8039
2020-09-03,-12.3113
2020-09-04,-6.4672
2020-09-08,-9.4065
2020-09-09,-8.725
2020-09-10,-9.9435
2020-09-11,-10.1634
2020-09-14,-10.9657
2020-09-15,-10.4632
2020-09-16,-10.1225
2020-09-17,-9.3375
2020-09-18,-9.3892
2020-09-21,-10.9829
2020-09-22,-11.1101
2020-09-23,-10.2669
2020-09-24,-10.7694
2020-09-25,-11.0929
2020-09-28,-10.9139
2020-09-29,-12.1151
2020-09-30,-9.4629
2020-10-01,-10.2259
2020-10-02,-9.5653
2020-10-05,-5.2532
2020-10-06,-6.4817
2020-10-07,-3.9149
2020-10-08,-5.2532
2020-10-09,-4.9655
2020-10-13,-7.6762
2020-10-14,-8.0491
2020-10-15,-6.9814
2020-10-16,-6.6597
2020-10-19,-5.2532
2020-10-20,-2.7619
2020-10-21,-1.5334
2020-10-22,0.5337
2020-10-23,0.3729
2020-10-26,-2.4402
2020-10-27,-4.5584
2020-10-28,-3.6346
2020-10-29,0.424
2020-10-30,2.5731
2020-11-02,0.8975
2020-11-03,2.0553
2020-11-04,-5.617
2020-11-05,-5.1436
2020-11-06,-1.9679
2020-11-09,6.5998
2020-11-10,7.8215
2020-11-12,0.3637
2020-11-13,0.7059
2020-11-16,1.4063
2020-11-17,-1.053
2020-11-18,0.2006
2020-11-19,-1.3793
2020-11-20,-2.2109
2020-11-23,-0.2569
2020-11-24,0.8496
2020-11-25,1.0009
2020-11-27,-1.6269
2020-11-30,-0.6603
